3.001	1.005333333
3.002	1.010663334
3.003	1.015990008
3.004	1.021313358
3.005	1.026633389
3.006	1.031950105
3.007	1.037263512
3.008	1.042573613
3.009	1.047880412
3.01	1.053183915
3.011	1.058484125
3.012	1.063781046
3.013	1.069074685
3.014	1.074365043
3.015	1.079652127
3.016	1.08493594
3.017	1.090216486
3.018	1.09549377
3.019	1.100767797
3.02	1.10603857
3.021	1.111306095
3.022	1.116570374
3.023	1.121831413
3.024	1.127089215
3.025	1.132343786
3.026	1.137595129
3.027	1.142843248
3.028	1.148088149
3.029	1.153329834
3.03	1.158568309
3.031	1.163803578
3.032	1.169035644
3.033	1.174264512
3.034	1.179490187
3.035	1.184712672
3.036	1.189931971
3.037	1.19514809
3.038	1.200361032
3.039	1.205570801
3.04	1.210777401
3.041	1.215980837
3.042	1.221181113
3.043	1.226378232
3.044	1.2315722
3.045	1.23676302
3.046	1.241950696
3.047	1.247135232
3.048	1.252316634
3.049	1.257494904
3.05	1.262670046
3.051	1.267842066
3.052	1.273010967
3.053	1.278176752
3.054	1.283339427
3.055	1.288498995
3.056	1.293655461
3.057	1.298808828
3.058	1.3039591
3.059	1.309106282
3.06	1.314250377
3.061	1.31939139
3.062	1.324529324
3.063	1.329664184
3.064	1.334795974
3.065	1.339924697
3.066	1.345050358
3.067	1.350172961
3.068	1.355292509
3.069	1.360409006
3.07	1.365522458
3.071	1.370632866
3.072	1.375740237
3.073	1.380844573
3.074	1.385945878
3.075	1.391044156
3.076	1.396139412
3.077	1.401231649
3.078	1.406320871
3.079	1.411407083
3.08	1.416490287
3.081	1.421570488
3.082	1.42664769
3.083	1.431721896
3.084	1.436793112
3.085	1.441861339
3.086	1.446926583
3.087	1.451988847
3.088	1.457048135
3.089	1.462104451
3.09	1.467157799
3.091	1.472208182
3.092	1.477255605
3.093	1.482300071
3.094	1.487341584
3.095	1.492380148
3.096	1.497415766
3.097	1.502448444
3.098	1.507478183
3.099	1.512504989
3.1	1.517528864
3.101	1.522549813
3.102	1.52756784
3.103	1.532582947
3.104	1.53759514
3.105	1.542604422
3.106	1.547610796
3.107	1.552614266
3.108	1.557614836
3.109	1.56261251
3.11	1.567607291
3.111	1.572599184
3.112	1.577588191
3.113	1.582574317
3.114	1.587557565
3.115	1.592537939
3.116	1.597515443
3.117	1.60249008
3.118	1.607461854
3.119	1.612430769
3.12	1.617396828
3.121	1.622360035
3.122	1.627320394
3.123	1.632277908
3.124	1.637232581
3.125	1.642184417
3.126	1.647133419
3.127	1.652079591
3.128	1.657022936
3.129	1.661963458
3.13	1.666901161
3.131	1.671836049
3.132	1.676768124
3.133	1.681697391
3.134	1.686623853
3.135	1.691547514
3.136	1.696468376
3.137	1.701386445
3.138	1.706301723
3.139	1.711214214
3.14	1.716123921
3.141	1.721030849
3.142	1.725935
3.143	1.730836378
3.144	1.735734987
3.145	1.74063083
3.146	1.74552391
3.147	1.750414232
3.148	1.755301798
3.149	1.760186613
3.15	1.765068679
3.151	1.769948001
3.152	1.774824581
3.153	1.779698423
3.154	1.784569531
3.155	1.789437908
3.156	1.794303557
3.157	1.799166483
3.158	1.804026688
3.159	1.808884176
3.16	1.81373895
3.161	1.818591014
3.162	1.823440371
3.163	1.828287025
3.164	1.833130979
3.165	1.837972236
3.166	1.8428108
3.167	1.847646674
3.168	1.852479863
3.169	1.857310368
3.17	1.862138193
3.171	1.866963343
3.172	1.871785819
3.173	1.876605626
3.174	1.881422768
3.175	1.886237246
3.176	1.891049065
3.177	1.895858228
3.178	1.900664738
3.179	1.9054686
3.18	1.910269815
3.181	1.915068387
3.182	1.91986432
3.183	1.924657617
3.184	1.929448282
3.185	1.934236317
3.186	1.939021726
3.187	1.943804512
3.188	1.948584678
3.189	1.953362229
3.19	1.958137166
3.191	1.962909494
3.192	1.967679215
3.193	1.972446334
3.194	1.977210852
3.195	1.981972774
3.196	1.986732102
3.197	1.991488841
3.198	1.996242992
3.199	2.00099456
3.2	2.005743548
3.201	2.010489958
3.202	2.015233794
3.203	2.01997506
3.204	2.024713758
3.205	2.029449892
3.206	2.034183464
3.207	2.038914479
3.208	2.043642939
3.209	2.048368847
3.21	2.053092207
3.211	2.057813022
3.212	2.062531295
3.213	2.067247029
3.214	2.071960227
3.215	2.076670893
3.216	2.081379029
3.217	2.086084639
3.218	2.090787726
3.219	2.095488293
3.22	2.100186343
3.221	2.10488188
3.222	2.109574905
3.223	2.114265424
3.224	2.118953438
3.225	2.123638951
3.226	2.128321965
3.227	2.133002485
3.228	2.137680512
3.229	2.142356051
3.23	2.147029104
3.231	2.151699674
3.232	2.156367765
3.233	2.161033379
3.234	2.165696519
3.235	2.170357189
3.236	2.175015392
3.237	2.17967113
3.238	2.184324407
3.239	2.188975226
3.24	2.19362359
3.241	2.198269501
3.242	2.202912963
3.243	2.207553979
3.244	2.212192552
3.245	2.216828685
3.246	2.221462381
3.247	2.226093642
3.248	2.230722473
3.249	2.235348875
3.25	2.239972853
3.251	2.244594408
3.252	2.249213544
3.253	2.253830264
3.254	2.25844457
3.255	2.263056467
3.256	2.267665956
3.257	2.272273041
3.258	2.276877724
3.259	2.281480009
3.26	2.286079898
3.261	2.290677395
3.262	2.295272503
3.263	2.299865224
3.264	2.304455561
3.265	2.309043517
3.266	2.313629095
3.267	2.318212298
3.268	2.322793129
3.269	2.327371591
3.27	2.331947687
3.271	2.336521419
3.272	2.341092791
3.273	2.345661805
3.274	2.350228465
3.275	2.354792772
3.276	2.359354731
3.277	2.363914344
3.278	2.368471613
3.279	2.373026542
3.28	2.377579133
3.281	2.38212939
3.282	2.386677314
3.283	2.39122291
3.284	2.39576618
3.285	2.400307126
3.286	2.404845752
3.287	2.40938206
3.288	2.413916053
3.289	2.418447734
3.29	2.422977106
3.291	2.427504172
3.292	2.432028934
3.293	2.436551395
3.294	2.441071558
3.295	2.445589426
3.296	2.450105002
3.297	2.454618287
3.298	2.459129286
3.299	2.463638001
3.3	2.468144435
3.301	2.47264859
3.302	2.477150469
3.303	2.481650075
3.304	2.48614741
3.305	2.490642479
3.306	2.495135282
3.307	2.499625823
3.308	2.504114105
3.309	2.50860013
3.31	2.513083902
3.311	2.517565422
3.312	2.522044694
3.313	2.52652172
3.314	2.530996503
3.315	2.535469046
3.316	2.539939351
3.317	2.544407422
3.318	2.54887326
3.319	2.553336869
3.32	2.55779825
3.321	2.562257408
3.322	2.566714344
3.323	2.571169062
3.324	2.575621563
3.325	2.580071851
3.326	2.584519928
3.327	2.588965797
3.328	2.59340946
3.329	2.597850921
3.33	2.602290182
3.331	2.606727245
3.332	2.611162113
3.333	2.615594788
3.334	2.620025275
3.335	2.624453574
3.336	2.628879689
3.337	2.633303622
3.338	2.637725375
3.339	2.642144953
3.34	2.646562356
3.341	2.650977588
3.342	2.655390652
3.343	2.659801549
3.344	2.664210283
3.345	2.668616856
3.346	2.67302127
3.347	2.677423529
3.348	2.681823634
3.349	2.686221589
3.35	2.690617396
3.351	2.695011057
3.352	2.699402575
3.353	2.703791953
3.354	2.708179193
3.355	2.712564298
3.356	2.71694727
3.357	2.721328112
3.358	2.725706826
3.359	2.730083416
3.36	2.734457882
3.361	2.738830229
3.362	2.743200458
3.363	2.747568572
3.364	2.751934573
3.365	2.756298464
3.366	2.760660248
3.367	2.765019927
3.368	2.769377504
3.369	2.773732981
3.37	2.77808636
3.371	2.782437644
3.372	2.786786835
3.373	2.791133937
3.374	2.795478951
3.375	2.79982188
3.376	2.804162726
3.377	2.808501492
3.378	2.81283818
3.379	2.817172794
3.38	2.821505334
3.381	2.825835805
3.382	2.830164207
3.383	2.834490544
3.384	2.838814818
3.385	2.843137031
3.386	2.847457187
3.387	2.851775286
3.388	2.856091333
3.389	2.860405329
3.39	2.864717276
3.391	2.869027177
3.392	2.873335035
3.393	2.877640851
3.394	2.881944629
3.395	2.886246371
3.396	2.890546078
3.397	2.894843754
3.398	2.899139401
3.399	2.903433022
3.4	2.907724617
3.401	2.912014191
3.402	2.916301745
3.403	2.920587282
3.404	2.924870804
3.405	2.929152314
3.406	2.933431813
3.407	2.937709305
3.408	2.941984791
3.409	2.946258274
3.41	2.950529756
3.411	2.95479924
3.412	2.959066728
3.413	2.963332223
3.414	2.967595725
3.415	2.971857239
3.416	2.976116767
3.417	2.98037431
3.418	2.98462987
3.419	2.988883451
3.42	2.993135055
3.421	2.997384684
3.422	3.00163234
3.423	3.005878025
3.424	3.010121742
3.425	3.014363494
3.426	3.018603281
3.427	3.022841108
3.428	3.027076975
3.429	3.031310886
3.43	3.035542842
3.431	3.039772846
3.432	3.044000901
3.433	3.048227007
3.434	3.052451169
3.435	3.056673387
3.436	3.060893665
3.437	3.065112004
3.438	3.069328406
3.439	3.073542875
3.44	3.077755412
3.441	3.081966019
3.442	3.086174699
3.443	3.090381454
3.444	3.094586286
3.445	3.098789198
3.446	3.102990191
3.447	3.107189268
3.448	3.111386431
3.449	3.115581683
3.45	3.119775025
3.451	3.12396646
3.452	3.128155989
3.453	3.132343616
3.454	3.136529342
3.455	3.14071317
3.456	3.144895102
3.457	3.149075139
3.458	3.153253285
3.459	3.157429541
3.46	3.16160391
3.461	3.165776393
3.462	3.169946993
3.463	3.174115712
3.464	3.178282553
3.465	3.182447517
3.466	3.186610606
3.467	3.190771823
3.468	3.194931171
3.469	3.19908865
3.47	3.203244263
3.471	3.207398013
3.472	3.211549901
3.473	3.21569993
3.474	3.219848101
3.475	3.223994418
3.476	3.228138882
3.477	3.232281494
3.478	3.236422259
3.479	3.240561176
3.48	3.244698249
3.481	3.24883348
3.482	3.252966871
3.483	3.257098424
3.484	3.26122814
3.485	3.265356023
3.486	3.269482074
3.487	3.273606296
3.488	3.27772869
3.489	3.281849258
3.49	3.285968003
3.491	3.290084927
3.492	3.294200031
3.493	3.298313319
3.494	3.302424791
3.495	3.306534451
3.496	3.3106423
3.497	3.314748339
3.498	3.318852573
3.499	3.322955001
3.5	3.327055627
3.501	3.331154452
3.502	3.335251479
3.503	3.33934671
3.504	3.343440146
3.505	3.347531789
3.506	3.351621643
3.507	3.355709708
3.508	3.359795987
3.509	3.363880482
3.51	3.367963195
3.511	3.372044127
3.512	3.376123282
3.513	3.380200661
3.514	3.384276265
3.515	3.388350098
3.516	3.39242216
3.517	3.396492455
3.518	3.400560983
3.519	3.404627748
3.52	3.408692751
3.521	3.412755993
3.522	3.416817478
3.523	3.420877207
3.524	3.424935182
3.525	3.428991405
3.526	3.433045878
3.527	3.437098603
3.528	3.441149582
3.529	3.445198817
3.53	3.44924631
3.531	3.453292062
3.532	3.457336077
3.533	3.461378356
3.534	3.4654189
3.535	3.469457712
3.536	3.473494794
3.537	3.477530148
3.538	3.481563775
3.539	3.485595678
3.54	3.489625858
3.541	3.493654318
3.542	3.49768106
3.543	3.501706085
3.544	3.505729395
3.545	3.509750992
3.546	3.513770879
3.547	3.517789057
3.548	3.521805527
3.549	3.525820293
3.55	3.529833356
3.551	3.533844717
3.552	3.537854379
3.553	3.541862344
3.554	3.545868614
3.555	3.54987319
3.556	3.553876074
3.557	3.557877269
3.558	3.561876775
3.559	3.565874596
3.56	3.569870733
3.561	3.573865187
3.562	3.577857962
3.563	3.581849058
3.564	3.585838477
3.565	3.589826222
3.566	3.593812295
3.567	3.597796696
3.568	3.601779429
3.569	3.605760494
3.57	3.609739894
3.571	3.613717631
3.572	3.617693706
3.573	3.621668122
3.574	3.625640879
3.575	3.629611981
3.576	3.633581429
3.577	3.637549225
3.578	3.64151537
3.579	3.645479867
3.58	3.649442717
3.581	3.653403922
3.582	3.657363484
3.583	3.661321405
3.584	3.665277687
3.585	3.669232331
3.586	3.673185339
3.587	3.677136714
3.588	3.681086457
3.589	3.685034569
3.59	3.688981053
3.591	3.69292591
3.592	3.696869143
3.593	3.700810752
3.594	3.704750741
3.595	3.70868911
3.596	3.712625862
3.597	3.716560997
3.598	3.720494519
3.599	3.724426429
3.6	3.728356728
3.601	3.732285419
3.602	3.736212503
3.603	3.740137982
3.604	3.744061857
3.605	3.747984131
3.606	3.751904806
3.607	3.755823883
3.608	3.759741363
3.609	3.763657249
3.61	3.767571543
3.611	3.771484246
3.612	3.775395359
3.613	3.779304886
3.614	3.783212827
3.615	3.787119184
3.616	3.791023959
3.617	3.794927153
3.618	3.79882877
3.619	3.802728809
3.62	3.806627273
3.621	3.810524164
3.622	3.814419484
3.623	3.818313233
3.624	3.822205415
3.625	3.82609603
3.626	3.82998508
3.627	3.833872568
3.628	3.837758494
3.629	3.841642861
3.63	3.84552567
3.631	3.849406923
3.632	3.853286622
3.633	3.857164768
3.634	3.861041363
3.635	3.864916409
3.636	3.868789908
3.637	3.872661861
3.638	3.876532269
3.639	3.880401136
3.64	3.884268461
3.641	3.888134248
3.642	3.891998497
3.643	3.895861211
3.644	3.89972239
3.645	3.903582038
3.646	3.907440155
3.647	3.911296743
3.648	3.915151803
3.649	3.919005338
3.65	3.92285735
3.651	3.926707839
3.652	3.930556807
3.653	3.934404257
3.654	3.93825019
3.655	3.942094607
3.656	3.94593751
3.657	3.949778901
3.658	3.953618781
3.659	3.957457152
3.66	3.961294016
3.661	3.965129375
3.662	3.968963229
3.663	3.972795581
3.664	3.976626433
3.665	3.980455785
3.666	3.98428364
3.667	3.988109999
3.668	3.991934864
3.669	3.995758237
3.67	3.999580118
3.671	4.003400511
3.672	4.007219415
3.673	4.011036834
3.674	4.014852768
3.675	4.01866722
3.676	4.02248019
3.677	4.026291681
3.678	4.030101693
3.679	4.03391023
3.68	4.037717291
3.681	4.04152288
3.682	4.045326996
3.683	4.049129643
3.684	4.052930822
3.685	4.056730534
3.686	4.06052878
3.687	4.064325564
3.688	4.068120885
3.689	4.071914745
3.69	4.075707147
3.691	4.079498092
3.692	4.083287581
3.693	4.087075616
3.694	4.090862198
3.695	4.09464733
3.696	4.098431012
3.697	4.102213246
3.698	4.105994034
3.699	4.109773377
3.7	4.113551278
3.701	4.117327736
3.702	4.121102755
3.703	4.124876336
3.704	4.128648479
3.705	4.132419187
3.706	4.136188462
3.707	4.139956304
3.708	4.143722715
3.709	4.147487698
3.71	4.151251252
3.711	4.155013381
3.712	4.158774085
3.713	4.162533367
3.714	4.166291226
3.715	4.170047666
3.716	4.173802688
3.717	4.177556292
3.718	4.181308481
3.719	4.185059257
3.72	4.18880862
3.721	4.192556572
3.722	4.196303115
3.723	4.200048251
3.724	4.20379198
3.725	4.207534304
3.726	4.211275225
3.727	4.215014745
3.728	4.218752864
3.729	4.222489585
3.73	4.226224908
3.731	4.229958836
3.732	4.233691369
3.733	4.23742251
3.734	4.24115226
3.735	4.244880619
3.736	4.248607591
3.737	4.252333176
3.738	4.256057375
3.739	4.259780191
3.74	4.263501624
3.741	4.267221677
3.742	4.27094035
3.743	4.274657646
3.744	4.278373565
3.745	4.282088109
3.746	4.285801279
3.747	4.289513078
3.748	4.293223506
3.749	4.296932565
3.75	4.300640256
3.751	4.304346581
3.752	4.308051542
3.753	4.311755139
3.754	4.315457375
3.755	4.31915825
3.756	4.322857766
3.757	4.326555925
3.758	4.330252728
3.759	4.333948176
3.76	4.337642271
3.761	4.341335014
3.762	4.345026408
3.763	4.348716452
3.764	4.352405149
3.765	4.3560925
3.766	4.359778507
3.767	4.363463171
3.768	4.367146492
3.769	4.370828474
3.77	4.374509117
3.771	4.378188423
3.772	4.381866392
3.773	4.385543027
3.774	4.389218329
3.775	4.392892299
3.776	4.396564939
3.777	4.40023625
3.778	4.403906233
3.779	4.407574891
3.78	4.411242223
3.781	4.414908233
3.782	4.41857292
3.783	4.422236287
3.784	4.425898335
3.785	4.429559066
3.786	4.43321848
3.787	4.436876579
3.788	4.440533364
3.789	4.444188838
3.79	4.447843
3.791	4.451495854
3.792	4.455147399
3.793	4.458797638
3.794	4.462446571
3.795	4.466094201
3.796	4.469740528
3.797	4.473385554
3.798	4.47702928
3.799	4.480671708
3.8	4.484312839
3.801	4.487952675
3.802	4.491591216
3.803	4.495228464
3.804	4.49886442
3.805	4.502499087
3.806	4.506132464
3.807	4.509764555
3.808	4.513395359
3.809	4.517024878
3.81	4.520653114
3.811	4.524280067
3.812	4.52790574
3.813	4.531530134
3.814	4.53515325
3.815	4.538775089
3.816	4.542395652
3.817	4.546014942
3.818	4.549632958
3.819	4.553249704
3.82	4.556865179
3.821	4.560479386
3.822	4.564092325
3.823	4.567703999
3.824	4.571314407
3.825	4.574923552
3.826	4.578531435
3.827	4.582138058
3.828	4.585743421
3.829	4.589347526
3.83	4.592950374
3.831	4.596551966
3.832	4.600152304
3.833	4.60375139
3.834	4.607349224
3.835	4.610945807
3.836	4.614541142
3.837	4.618135229
3.838	4.62172807
3.839	4.625319665
3.84	4.628910017
3.841	4.632499126
3.842	4.636086994
3.843	4.639673623
3.844	4.643259013
3.845	4.646843165
3.846	4.650426081
3.847	4.654007763
3.848	4.657588211
3.849	4.661167427
3.85	4.664745413
3.851	4.668322168
3.852	4.671897696
3.853	4.675471996
3.854	4.67904507
3.855	4.68261692
3.856	4.686187547
3.857	4.689756952
3.858	4.693325136
3.859	4.696892101
3.86	4.700457847
3.861	4.704022377
3.862	4.707585691
3.863	4.71114779
3.864	4.714708677
3.865	4.718268351
3.866	4.721826815
3.867	4.72538407
3.868	4.728940117
3.869	4.732494956
3.87	4.73604859
3.871	4.73960102
3.872	4.743152247
3.873	4.746702271
3.874	4.750251095
3.875	4.75379872
3.876	4.757345146
3.877	4.760890376
3.878	4.76443441
3.879	4.767977249
3.88	4.771518895
3.881	4.775059349
3.882	4.778598613
3.883	4.782136687
3.884	4.785673572
3.885	4.789209271
3.886	4.792743783
3.887	4.796277111
3.888	4.799809256
3.889	4.803340218
3.89	4.806869999
3.891	4.810398601
3.892	4.813926024
3.893	4.81745227
3.894	4.820977339
3.895	4.824501234
3.896	4.828023954
3.897	4.831545503
3.898	4.83506588
3.899	4.838585087
3.9	4.842103124
3.901	4.845619995
3.902	4.849135698
3.903	4.852650237
3.904	4.856163611
3.905	4.859675822
3.906	4.863186872
3.907	4.866696761
3.908	4.87020549
3.909	4.873713062
3.91	4.877219476
3.911	4.880724735
3.912	4.884228838
3.913	4.887731789
3.914	4.891233587
3.915	4.894734234
3.916	4.898233731
3.917	4.90173208
3.918	4.905229281
3.919	4.908725335
3.92	4.912220245
3.921	4.91571401
3.922	4.919206632
3.923	4.922698113
3.924	4.926188453
3.925	4.929677653
3.926	4.933165715
3.927	4.936652641
3.928	4.94013843
3.929	4.943623085
3.93	4.947106606
3.931	4.950588994
3.932	4.954070251
3.933	4.957550378
3.934	4.961029376
3.935	4.964507247
3.936	4.96798399
3.937	4.971459608
3.938	4.974934101
3.939	4.978407472
3.94	4.98187972
3.941	4.985350847
3.942	4.988820854
3.943	4.992289742
3.944	4.995757513
3.945	4.999224168
3.946	5.002689707
3.947	5.006154131
3.948	5.009617443
3.949	5.013079643
3.95	5.016540732
3.951	5.020000712
3.952	5.023459582
3.953	5.026917346
3.954	5.030374003
3.955	5.033829555
3.956	5.037284002
3.957	5.040737347
3.958	5.04418959
3.959	5.047640732
3.96	5.051090775
3.961	5.054539719
3.962	5.057987566
3.963	5.061434316
3.964	5.064879971
3.965	5.068324532
3.966	5.071768
3.967	5.075210376
3.968	5.078651662
3.969	5.082091858
3.97	5.085530965
3.971	5.088968984
3.972	5.092405918
3.973	5.095841766
3.974	5.099276529
3.975	5.10271021
3.976	5.106142809
3.977	5.109574326
3.978	5.113004764
3.979	5.116434123
3.98	5.119862405
3.981	5.12328961
3.982	5.126715739
3.983	5.130140794
3.984	5.133564775
3.985	5.136987685
3.986	5.140409523
3.987	5.143830291
3.988	5.147249989
3.989	5.15066862
3.99	5.154086184
3.991	5.157502683
3.992	5.160918116
3.993	5.164332486
3.994	5.167745793
3.995	5.171158038
3.996	5.174569223
3.997	5.177979349
3.998	5.181388416
3.999	5.184796425
4	5.188203379
4.001	5.191609277
4.002	5.195014121
4.003	5.198417913
4.004	5.201820652
4.005	5.205222339
4.006	5.208622978
4.007	5.212022567
4.008	5.215421108
4.009	5.218818602
4.01	5.222215051
4.011	5.225610455
4.012	5.229004815
4.013	5.232398133
4.014	5.235790409
4.015	5.239181644
4.016	5.24257184
4.017	5.245960998
4.018	5.249349118
4.019	5.252736201
4.02	5.25612225
4.021	5.259507263
4.022	5.262891244
4.023	5.266274192
4.024	5.269656109
4.025	5.273036996
4.026	5.276416853
4.027	5.279795682
4.028	5.283173484
4.029	5.28655026
4.03	5.289926011
4.031	5.293300737
4.032	5.296674441
4.033	5.300047122
4.034	5.303418782
4.035	5.306789422
4.036	5.310159043
4.037	5.313527646
4.038	5.316895232
4.039	5.320261802
4.04	5.323627357
4.041	5.326991898
4.042	5.330355426
4.043	5.333717942
4.044	5.337079447
4.045	5.340439942
4.046	5.343799428
4.047	5.347157905
4.048	5.350515376
4.049	5.353871841
4.05	5.357227301
4.051	5.360581756
4.052	5.363935209
4.053	5.367287659
4.054	5.370639109
4.055	5.373989558
4.056	5.377339008
4.057	5.380687461
4.058	5.384034916
4.059	5.387381375
4.06	5.390726838
4.061	5.394071308
4.062	5.397414784
4.063	5.400757268
4.064	5.404098761
4.065	5.407439264
4.066	5.410778777
4.067	5.414117302
4.068	5.41745484
4.069	5.420791391
4.07	5.424126957
4.071	5.427461538
4.072	5.430795136
4.073	5.434127751
4.074	5.437459385
4.075	5.440790038
4.076	5.444119712
4.077	5.447448407
4.078	5.450776124
4.079	5.454102864
4.08	5.457428629
4.081	5.460753419
4.082	5.464077235
4.083	5.467400078
4.084	5.470721949
4.085	5.474042849
4.086	5.477362779
4.087	5.48068174
4.088	5.483999733
4.089	5.487316759
4.09	5.490632818
4.091	5.493947912
4.092	5.497262042
4.093	5.500575208
4.094	5.503887411
4.095	5.507198654
4.096	5.510508935
4.097	5.513818257
4.098	5.51712662
4.099	5.520434025
4.1	5.523740474
4.101	5.527045966
4.102	5.530350503
4.103	5.533654087
4.104	5.536956717
4.105	5.540258395
4.106	5.543559122
4.107	5.546858898
4.108	5.550157725
4.109	5.553455604
4.11	5.556752534
4.111	5.560048519
4.112	5.563343557
4.113	5.566637651
4.114	5.5699308
4.115	5.573223007
4.116	5.576514272
4.117	5.579804595
4.118	5.583093978
4.119	5.586382422
4.12	5.589669928
4.121	5.592956496
4.122	5.596242127
4.123	5.599526823
4.124	5.602810584
4.125	5.606093411
4.126	5.609375305
4.127	5.612656267
4.128	5.615936298
4.129	5.619215399
4.13	5.62249357
4.131	5.625770813
4.132	5.629047128
4.133	5.632322516
4.134	5.635596979
4.135	5.638870517
4.136	5.642143131
4.137	5.645414822
4.138	5.648685591
4.139	5.651955439
4.14	5.655224366
4.141	5.658492373
4.142	5.661759462
4.143	5.665025633
4.144	5.668290888
4.145	5.671555226
4.146	5.674818649
4.147	5.678081158
4.148	5.681342754
4.149	5.684603437
4.15	5.687863209
4.151	5.69112207
4.152	5.694380022
4.153	5.697637064
4.154	5.700893198
4.155	5.704148426
4.156	5.707402746
4.157	5.710656162
4.158	5.713908673
4.159	5.71716028
4.16	5.720410984
4.161	5.723660787
4.162	5.726909688
4.163	5.730157689
4.164	5.733404791
4.165	5.736650994
4.166	5.7398963
4.167	5.743140709
4.168	5.746384222
4.169	5.74962684
4.17	5.752868563
4.171	5.756109394
4.172	5.759349332
4.173	5.762588378
4.174	5.765826534
4.175	5.769063799
4.176	5.772300176
4.177	5.775535664
4.178	5.778770265
4.179	5.78200398
4.18	5.785236809
4.181	5.788468753
4.182	5.791699813
4.183	5.79492999
4.184	5.798159285
4.185	5.801387698
4.186	5.804615231
4.187	5.807841884
4.188	5.811067658
4.189	5.814292554
4.19	5.817516573
4.191	5.820739716
4.192	5.823961982
4.193	5.827183375
4.194	5.830403893
4.195	5.833623538
4.196	5.836842311
4.197	5.840060213
4.198	5.843277244
4.199	5.846493405
4.2	5.849708698
4.201	5.852923122
4.202	5.856136679
4.203	5.85934937
4.204	5.862561195
4.205	5.865772156
4.206	5.868982252
4.207	5.872191486
4.208	5.875399857
4.209	5.878607366
4.21	5.881814015
4.211	5.885019804
4.212	5.888224734
4.213	5.891428806
4.214	5.894632021
4.215	5.897834378
4.216	5.901035881
4.217	5.904236528
4.218	5.907436321
4.219	5.91063526
4.22	5.913833347
4.221	5.917030583
4.222	5.920226967
4.223	5.923422502
4.224	5.926617187
4.225	5.929811023
4.226	5.933004012
4.227	5.936196154
4.228	5.93938745
4.229	5.9425779
4.23	5.945767507
4.231	5.948956269
4.232	5.952144188
4.233	5.955331266
4.234	5.958517502
4.235	5.961702898
4.236	5.964887454
4.237	5.96807117
4.238	5.971254049
4.239	5.974436091
4.24	5.977617296
4.241	5.980797665
4.242	5.983977199
4.243	5.987155899
4.244	5.990333766
4.245	5.9935108
4.246	5.996687002
4.247	5.999862373
4.248	6.003036914
4.249	6.006210626
4.25	6.009383508
4.251	6.012555563
4.252	6.015726791
4.253	6.018897192
4.254	6.022066768
4.255	6.025235519
4.256	6.028403446
4.257	6.031570549
4.258	6.034736831
4.259	6.03790229
4.26	6.041066929
4.261	6.044230747
4.262	6.047393746
4.263	6.050555926
4.264	6.053717289
4.265	6.056877834
4.266	6.060037563
4.267	6.063196477
4.268	6.066354575
4.269	6.06951186
4.27	6.072668331
4.271	6.07582399
4.272	6.078978837
4.273	6.082132873
4.274	6.085286099
4.275	6.088438516
4.276	6.091590123
4.277	6.094740923
4.278	6.097890916
4.279	6.101040102
4.28	6.104188482
4.281	6.107336058
4.282	6.110482829
4.283	6.113628797
4.284	6.116773962
4.285	6.119918325
4.286	6.123061887
4.287	6.126204649
4.288	6.129346611
4.289	6.132487774
4.29	6.135628138
4.291	6.138767706
4.292	6.141906476
4.293	6.145044451
4.294	6.14818163
4.295	6.151318015
4.296	6.154453606
4.297	6.157588405
4.298	6.16072241
4.299	6.163855625
4.3	6.166988048
4.301	6.170119682
4.302	6.173250526
4.303	6.176380581
4.304	6.179509849
4.305	6.18263833
4.306	6.185766024
4.307	6.188892932
4.308	6.192019056
4.309	6.195144395
4.31	6.198268951
4.311	6.201392724
4.312	6.204515715
4.313	6.207637925
4.314	6.210759354
4.315	6.213880004
4.316	6.216999874
4.317	6.220118966
4.318	6.22323728
4.319	6.226354817
4.32	6.229471578
4.321	6.232587563
4.322	6.235702774
4.323	6.23881721
4.324	6.241930873
4.325	6.245043764
4.326	6.248155882
4.327	6.251267229
4.328	6.254377806
4.329	6.257487613
4.33	6.260596651
4.331	6.26370492
4.332	6.266812422
4.333	6.269919157
4.334	6.273025126
4.335	6.276130329
4.336	6.279234767
4.337	6.282338441
4.338	6.285441351
4.339	6.288543499
4.34	6.291644885
4.341	6.294745509
4.342	6.297845373
4.343	6.300944477
4.344	6.304042822
4.345	6.307140408
4.346	6.310237236
4.347	6.313333308
4.348	6.316428622
4.349	6.319523181
4.35	6.322616985
4.351	6.325710035
4.352	6.328802331
4.353	6.331893874
4.354	6.334984665
4.355	6.338074704
4.356	6.341163992
4.357	6.344252531
4.358	6.347340319
4.359	6.350427359
4.36	6.353513651
4.361	6.356599195
4.362	6.359683992
4.363	6.362768044
4.364	6.36585135
4.365	6.368933911
4.366	6.372015728
4.367	6.375096802
4.368	6.378177133
4.369	6.381256722
4.37	6.38433557
4.371	6.387413677
4.372	6.390491045
4.373	6.393567673
4.374	6.396643562
4.375	6.399718714
4.376	6.402793128
4.377	6.405866806
4.378	6.408939748
4.379	6.412011954
4.38	6.415083426
4.381	6.418154165
4.382	6.42122417
4.383	6.424293442
4.384	6.427361982
4.385	6.430429792
4.386	6.433496871
4.387	6.436563219
4.388	6.439628839
4.389	6.44269373
4.39	6.445757894
4.391	6.44882133
4.392	6.451884039
4.393	6.454946023
4.394	6.458007281
4.395	6.461067815
4.396	6.464127625
4.397	6.467186711
4.398	6.470245075
4.399	6.473302717
4.4	6.476359638
4.401	6.479415838
4.402	6.482471319
4.403	6.485526079
4.404	6.488580122
4.405	6.491633446
4.406	6.494686053
4.407	6.497737943
4.408	6.500789117
4.409	6.503839575
4.41	6.506889319
4.411	6.509938349
4.412	6.512986665
4.413	6.516034269
4.414	6.51908116
4.415	6.52212734
4.416	6.525172809
4.417	6.528217568
4.418	6.531261617
4.419	6.534304957
4.42	6.537347589
4.421	6.540389513
4.422	6.54343073
4.423	6.546471241
4.424	6.549511046
4.425	6.552550146
4.426	6.555588541
4.427	6.558626233
4.428	6.561663221
4.429	6.564699507
4.43	6.567735091
4.431	6.570769973
4.432	6.573804155
4.433	6.576837637
4.434	6.57987042
4.435	6.582902503
4.436	6.585933889
4.437	6.588964577
4.438	6.591994568
4.439	6.595023863
4.44	6.598052462
4.441	6.601080367
4.442	6.604107577
4.443	6.607134093
4.444	6.610159916
4.445	6.613185046
4.446	6.616209485
4.447	6.619233232
4.448	6.622256289
4.449	6.625278656
4.45	6.628300333
4.451	6.631321322
4.452	6.634341623
4.453	6.637361235
4.454	6.640380161
4.455	6.643398401
4.456	6.646415955
4.457	6.649432824
4.458	6.652449009
4.459	6.655464509
4.46	6.658479327
4.461	6.661493462
4.462	6.664506914
4.463	6.667519686
4.464	6.670531777
4.465	6.673543187
4.466	6.676553918
4.467	6.67956397
4.468	6.682573344
4.469	6.68558204
4.47	6.688590058
4.471	6.691597401
4.472	6.694604067
4.473	6.697610058
4.474	6.700615374
4.475	6.703620016
4.476	6.706623985
4.477	6.709627281
4.478	6.712629904
4.479	6.715631856
4.48	6.718633137
4.481	6.721633747
4.482	6.724633687
4.483	6.727632958
4.484	6.730631561
4.485	6.733629495
4.486	6.736626762
4.487	6.739623361
4.488	6.742619295
4.489	6.745614562
4.49	6.748609165
4.491	6.751603103
4.492	6.754596377
4.493	6.757588988
4.494	6.760580936
4.495	6.763572221
4.496	6.766562846
4.497	6.769552809
4.498	6.772542112
4.499	6.775530754
4.5	6.778518738
4.501	6.781506063
4.502	6.78449273
4.503	6.787478739
4.504	6.790464092
4.505	6.793448788
4.506	6.796432829
4.507	6.799416214
4.508	6.802398945
4.509	6.805381022
4.51	6.808362445
4.511	6.811343216
4.512	6.814323334
4.513	6.8173028
4.514	6.820281616
4.515	6.823259781
4.516	6.826237296
4.517	6.829214162
4.518	6.832190379
4.519	6.835165947
4.52	6.838140868
4.521	6.841115142
4.522	6.84408877
4.523	6.847061751
4.524	6.850034087
4.525	6.853005779
4.526	6.855976826
4.527	6.858947229
4.528	6.86191699
4.529	6.864886108
4.53	6.867854584
4.531	6.870822418
4.532	6.873789612
4.533	6.876756166
4.534	6.87972208
4.535	6.882687354
4.536	6.885651991
4.537	6.888615989
4.538	6.89157935
4.539	6.894542074
4.54	6.897504161
4.541	6.900465613
4.542	6.90342643
4.543	6.906386612
4.544	6.90934616
4.545	6.912305075
4.546	6.915263356
4.547	6.918221005
4.548	6.921178023
4.549	6.924134409
4.55	6.927090164
4.551	6.93004529
4.552	6.932999785
4.553	6.935953652
4.554	6.93890689
4.555	6.9418595
4.556	6.944811482
4.557	6.947762838
4.558	6.950713568
4.559	6.953663671
4.56	6.95661315
4.561	6.959562004
4.562	6.962510234
4.563	6.96545784
4.564	6.968404823
4.565	6.971351184
4.566	6.974296923
4.567	6.97724204
4.568	6.980186537
4.569	6.983130413
4.57	6.986073669
4.571	6.989016307
4.572	6.991958325
4.573	6.994899726
4.574	6.997840509
4.575	7.000780675
4.576	7.003720224
4.577	7.006659158
4.578	7.009597476
4.579	7.012535179
4.58	7.015472268
4.581	7.018408743
4.582	7.021344604
4.583	7.024279853
4.584	7.02721449
4.585	7.030148515
4.586	7.033081929
4.587	7.036014733
4.588	7.038946926
4.589	7.04187851
4.59	7.044809484
4.591	7.047739851
4.592	7.050669609
4.593	7.05359876
4.594	7.056527304
4.595	7.059455241
4.596	7.062382573
4.597	7.0653093
4.598	7.068235421
4.599	7.071160939
4.6	7.074085852
4.601	7.077010163
4.602	7.079933871
4.603	7.082856976
4.604	7.08577948
4.605	7.088701383
4.606	7.091622686
4.607	7.094543388
4.608	7.097463491
4.609	7.100382994
4.61	7.1033019
4.611	7.106220207
4.612	7.109137916
4.613	7.112055029
4.614	7.114971546
4.615	7.117887466
4.616	7.120802791
4.617	7.123717521
4.618	7.126631657
4.619	7.129545199
4.62	7.132458148
4.621	7.135370503
4.622	7.138282267
4.623	7.141193438
4.624	7.144104019
4.625	7.147014008
4.626	7.149923408
4.627	7.152832217
4.628	7.155740438
4.629	7.158648069
4.63	7.161555113
4.631	7.164461568
4.632	7.167367437
4.633	7.170272719
4.634	7.173177414
4.635	7.176081524
4.636	7.178985049
4.637	7.181887989
4.638	7.184790345
4.639	7.187692117
4.64	7.190593306
4.641	7.193493912
4.642	7.196393936
4.643	7.199293379
4.644	7.20219224
4.645	7.205090521
4.646	7.207988221
4.647	7.210885342
4.648	7.213781884
4.649	7.216677847
4.65	7.219573232
4.651	7.222468039
4.652	7.225362269
4.653	7.228255923
4.654	7.231149
4.655	7.234041501
4.656	7.236933428
4.657	7.239824779
4.658	7.242715557
4.659	7.24560576
4.66	7.248495391
4.661	7.251384449
4.662	7.254272934
4.663	7.257160848
4.664	7.26004819
4.665	7.262934962
4.666	7.265821164
4.667	7.268706796
4.668	7.271591858
4.669	7.274476352
4.67	7.277360277
4.671	7.280243634
4.672	7.283126425
4.673	7.286008648
4.674	7.288890305
4.675	7.291771396
4.676	7.294651921
4.677	7.297531882
4.678	7.300411278
4.679	7.303290111
4.68	7.306168379
4.681	7.309046085
4.682	7.311923228
4.683	7.31479981
4.684	7.317675829
4.685	7.320551288
4.686	7.323426186
4.687	7.326300524
4.688	7.329174302
4.689	7.332047522
4.69	7.334920182
4.691	7.337792284
4.692	7.340663829
4.693	7.343534816
4.694	7.346405247
4.695	7.349275121
4.696	7.352144439
4.697	7.355013202
4.698	7.35788141
4.699	7.360749064
4.7	7.363616164
4.701	7.36648271
4.702	7.369348704
4.703	7.372214144
4.704	7.375079033
4.705	7.37794337
4.706	7.380807156
4.707	7.383670392
4.708	7.386533077
4.709	7.389395212
4.71	7.392256799
4.711	7.395117836
4.712	7.397978325
4.713	7.400838266
4.714	7.40369766
4.715	7.406556507
4.716	7.409414808
4.717	7.412272562
4.718	7.415129771
4.719	7.417986435
4.72	7.420842555
4.721	7.42369813
4.722	7.426553161
4.723	7.42940765
4.724	7.432261595
4.725	7.435114998
4.726	7.43796786
4.727	7.44082018
4.728	7.443671959
4.729	7.446523197
4.73	7.449373896
4.731	7.452224055
4.732	7.455073675
4.733	7.457922756
4.734	7.460771299
4.735	7.463619305
4.736	7.466466773
4.737	7.469313704
4.738	7.472160099
4.739	7.475005958
4.74	7.477851281
4.741	7.48069607
4.742	7.483540324
4.743	7.486384044
4.744	7.48922723
4.745	7.492069883
4.746	7.494912003
4.747	7.497753591
4.748	7.500594647
4.749	7.503435171
4.75	7.506275165
4.751	7.509114628
4.752	7.511953561
4.753	7.514791964
4.754	7.517629839
4.755	7.520467184
4.756	7.523304001
4.757	7.526140291
4.758	7.528976052
4.759	7.531811287
4.76	7.534645996
4.761	7.537480178
4.762	7.540313835
4.763	7.543146966
4.764	7.545979573
4.765	7.548811656
4.766	7.551643214
4.767	7.554474249
4.768	7.557304762
4.769	7.560134751
4.77	7.562964219
4.771	7.565793165
4.772	7.568621589
4.773	7.571449493
4.774	7.574276876
4.775	7.57710374
4.776	7.579930084
4.777	7.582755909
4.778	7.585581215
4.779	7.588406003
4.78	7.591230273
4.781	7.594054026
4.782	7.596877263
4.783	7.599699982
4.784	7.602522186
4.785	7.605343874
4.786	7.608165047
4.787	7.610985705
4.788	7.613805849
4.789	7.616625479
4.79	7.619444595
4.791	7.622263199
4.792	7.62508129
4.793	7.627898869
4.794	7.630715936
4.795	7.633532491
4.796	7.636348536
4.797	7.639164071
4.798	7.641979095
4.799	7.64479361
4.8	7.647607615
4.801	7.650421112
4.802	7.653234101
4.803	7.656046581
4.804	7.658858554
4.805	7.66167002
4.806	7.66448098
4.807	7.667291433
4.808	7.67010138
4.809	7.672910822
4.81	7.675719759
4.811	7.678528192
4.812	7.68133612
4.813	7.684143545
4.814	7.686950466
4.815	7.689756885
4.816	7.692562801
4.817	7.695368215
4.818	7.698173128
4.819	7.700977539
4.82	7.70378145
4.821	7.70658486
4.822	7.70938777
4.823	7.712190181
4.824	7.714992092
4.825	7.717793505
4.826	7.72059442
4.827	7.723394837
4.828	7.726194756
4.829	7.728994178
4.83	7.731793104
4.831	7.734591533
4.832	7.737389467
4.833	7.740186905
4.834	7.742983848
4.835	7.745780296
4.836	7.748576251
4.837	7.751371711
4.838	7.754166679
4.839	7.756961153
4.84	7.759755135
4.841	7.762548624
4.842	7.765341622
4.843	7.768134129
4.844	7.770926144
4.845	7.77371767
4.846	7.776508705
4.847	7.77929925
4.848	7.782089306
4.849	7.784878873
4.85	7.787667952
4.851	7.790456542
4.852	7.793244645
4.853	7.796032261
4.854	7.798819389
4.855	7.801606031
4.856	7.804392188
4.857	7.807177858
4.858	7.809963043
4.859	7.812747743
4.86	7.815531959
4.861	7.818315691
4.862	7.821098939
4.863	7.823881704
4.864	7.826663986
4.865	7.829445785
4.866	7.832227102
4.867	7.835007938
4.868	7.837788292
4.869	7.840568165
4.87	7.843347558
4.871	7.846126471
4.872	7.848904904
4.873	7.851682857
4.874	7.854460332
4.875	7.857237328
4.876	7.860013846
4.877	7.862789887
4.878	7.86556545
4.879	7.868340535
4.88	7.871115145
4.881	7.873889278
4.882	7.876662935
4.883	7.879436117
4.884	7.882208824
4.885	7.884981056
4.886	7.887752814
4.887	7.890524098
4.888	7.893294909
4.889	7.896065247
4.89	7.898835112
4.891	7.901604504
4.892	7.904373425
4.893	7.907141874
4.894	7.909909852
4.895	7.912677359
4.896	7.915444396
4.897	7.918210963
4.898	7.92097706
4.899	7.923742688
4.9	7.926507847
4.901	7.929272538
4.902	7.932036761
4.903	7.934800515
4.904	7.937563803
4.905	7.940326624
4.906	7.943088978
4.907	7.945850866
4.908	7.948612288
4.909	7.951373244
4.91	7.954133736
4.911	7.956893763
4.912	7.959653326
4.913	7.962412425
4.914	7.96517106
4.915	7.967929232
4.916	7.970686941
4.917	7.973444188
4.918	7.976200973
4.919	7.978957297
4.92	7.981713159
4.921	7.98446856
4.922	7.9872235
4.923	7.989977981
4.924	7.992732002
4.925	7.995485563
4.926	7.998238665
4.927	8.000991309
4.928	8.003743494
4.929	8.006495222
4.93	8.009246492
4.931	8.011997305
4.932	8.014747661
4.933	8.01749756
4.934	8.020247004
4.935	8.022995991
4.936	8.025744524
4.937	8.028492602
4.938	8.031240225
4.939	8.033987393
4.94	8.036734108
4.941	8.03948037
4.942	8.042226178
4.943	8.044971534
4.944	8.047716437
4.945	8.050460888
4.946	8.053204888
4.947	8.055948436
4.948	8.058691534
4.949	8.061434181
4.95	8.064176378
4.951	8.066918124
4.952	8.069659422
4.953	8.07240027
4.954	8.07514067
4.955	8.077880621
4.956	8.080620125
4.957	8.08335918
4.958	8.086097789
4.959	8.08883595
4.96	8.091573665
4.961	8.094310934
4.962	8.097047756
4.963	8.099784134
4.964	8.102520066
4.965	8.105255553
4.966	8.107990597
4.967	8.110725196
4.968	8.113459351
4.969	8.116193063
4.97	8.118926332
4.971	8.121659158
4.972	8.124391543
4.973	8.127123485
4.974	8.129854986
4.975	8.132586045
4.976	8.135316664
4.977	8.138046842
4.978	8.14077658
4.979	8.143505878
4.98	8.146234737
4.981	8.148963157
4.982	8.151691138
4.983	8.154418681
4.984	8.157145785
4.985	8.159872452
4.986	8.162598682
4.987	8.165324475
4.988	8.168049831
4.989	8.170774751
4.99	8.173499235
4.991	8.176223283
4.992	8.178946896
4.993	8.181670075
4.994	8.184392819
4.995	8.187115128
4.996	8.189837004
4.997	8.192558446
4.998	8.195279456
4.999	8.198000032
5	8.200720176
5.001	8.203439888
5.002	8.206159168
5.003	8.208878017
5.004	8.211596435
5.005	8.214314422
5.006	8.217031978
5.007	8.219749105
5.008	8.222465802
5.009	8.22518207
5.01	8.227897908
5.011	8.230613318
5.012	8.2333283
5.013	8.236042854
5.014	8.23875698
5.015	8.241470679
5.016	8.244183951
5.017	8.246896796
5.018	8.249609215
5.019	8.252321208
5.02	8.255032776
5.021	8.257743918
5.022	8.260454636
5.023	8.263164928
5.024	8.265874797
5.025	8.268584242
5.026	8.271293263
5.027	8.274001861
5.028	8.276710036
5.029	8.279417789
5.03	8.282125119
5.031	8.284832028
5.032	8.287538514
5.033	8.29024458
5.034	8.292950225
5.035	8.29565545
5.036	8.298360254
5.037	8.301064638
5.038	8.303768603
5.039	8.306472148
5.04	8.309175275
5.041	8.311877983
5.042	8.314580274
5.043	8.317282146
5.044	8.3199836
5.045	8.322684638
5.046	8.325385258
5.047	8.328085462
5.048	8.33078525
5.049	8.333484622
5.05	8.336183578
5.051	8.33888212
5.052	8.341580246
5.053	8.344277958
5.054	8.346975255
5.055	8.349672139
5.056	8.352368609
5.057	8.355064665
5.058	8.357760309
5.059	8.36045554
5.06	8.363150359
5.061	8.365844766
5.062	8.368538761
5.063	8.371232346
5.064	8.373925519
5.065	8.376618281
5.066	8.379310633
5.067	8.382002575
5.068	8.384694108
5.069	8.387385231
5.07	8.390075945
5.071	8.39276625
5.072	8.395456147
5.073	8.398145636
5.074	8.400834717
5.075	8.403523391
5.076	8.406211658
5.077	8.408899517
5.078	8.411586971
5.079	8.414274018
5.08	8.41696066
5.081	8.419646896
5.082	8.422332726
5.083	8.425018152
5.084	8.427703174
5.085	8.430387791
5.086	8.433072004
5.087	8.435755814
5.088	8.43843922
5.089	8.441122224
5.09	8.443804824
5.091	8.446487023
5.092	8.449168819
5.093	8.451850214
5.094	8.454531208
5.095	8.4572118
5.096	8.459891992
5.097	8.462571783
5.098	8.465251174
5.099	8.467930165
5.1	8.470608757
5.101	8.47328695
5.102	8.475964744
5.103	8.478642139
5.104	8.481319136
5.105	8.483995735
5.106	8.486671936
5.107	8.489347741
5.108	8.492023148
5.109	8.494698158
5.11	8.497372772
5.111	8.50004699
5.112	8.502720813
5.113	8.50539424
5.114	8.508067272
5.115	8.510739908
5.116	8.513412151
5.117	8.516083999
5.118	8.518755454
5.119	8.521426514
5.12	8.524097182
5.121	8.526767456
5.122	8.529437338
5.123	8.532106828
5.124	8.534775925
5.125	8.537444631
5.126	8.540112945
5.127	8.542780868
5.128	8.545448401
5.129	8.548115543
5.13	8.550782294
5.131	8.553448656
5.132	8.556114628
5.133	8.558780211
5.134	8.561445404
5.135	8.56411021
5.136	8.566774626
5.137	8.569438655
5.138	8.572102296
5.139	8.574765549
5.14	8.577428415
5.141	8.580090894
5.142	8.582752987
5.143	8.585414693
5.144	8.588076013
5.145	8.590736948
5.146	8.593397497
5.147	8.596057662
5.148	8.598717441
5.149	8.601376836
5.15	8.604035847
5.151	8.606694474
5.152	8.609352717
5.153	8.612010577
5.154	8.614668054
5.155	8.617325148
5.156	8.61998186
5.157	8.62263819
5.158	8.625294138
5.159	8.627949704
5.16	8.630604889
5.161	8.633259694
5.162	8.635914117
5.163	8.638568161
5.164	8.641221824
5.165	8.643875108
5.166	8.646528012
5.167	8.649180537
5.168	8.651832683
5.169	8.65448445
5.17	8.65713584
5.171	8.659786851
5.172	8.662437484
5.173	8.665087741
5.174	8.66773762
5.175	8.670387122
5.176	8.673036248
5.177	8.675684997
5.178	8.678333371
5.179	8.680981369
5.18	8.683628991
5.181	8.686276239
5.182	8.688923112
5.183	8.69156961
5.184	8.694215734
5.185	8.696861484
5.186	8.69950686
5.187	8.702151864
5.188	8.704796494
5.189	8.707440751
5.19	8.710084636
5.191	8.712728148
5.192	8.715371289
5.193	8.718014058
5.194	8.720656456
5.195	8.723298483
5.196	8.725940139
5.197	8.728581425
5.198	8.73122234
5.199	8.733862885
5.2	8.736503061
5.201	8.739142868
5.202	8.741782305
5.203	8.744421374
5.204	8.747060074
5.205	8.749698406
5.206	8.75233637
5.207	8.754973967
5.208	8.757611196
5.209	8.760248058
5.21	8.762884553
5.211	8.765520682
5.212	8.768156444
5.213	8.770791841
5.214	8.773426872
5.215	8.776061538
5.216	8.778695838
5.217	8.781329774
5.218	8.783963345
5.219	8.786596552
5.22	8.789229395
5.221	8.791861874
5.222	8.794493989
5.223	8.797125742
5.224	8.799757132
5.225	8.802388159
5.226	8.805018824
5.227	8.807649126
5.228	8.810279067
5.229	8.812908647
5.23	8.815537865
5.231	8.818166723
5.232	8.82079522
5.233	8.823423356
5.234	8.826051132
5.235	8.828678549
5.236	8.831305606
5.237	8.833932303
5.238	8.836558642
5.239	8.839184622
5.24	8.841810243
5.241	8.844435506
5.242	8.847060412
5.243	8.84968496
5.244	8.85230915
5.245	8.854932983
5.246	8.85755646
5.247	8.86017958
5.248	8.862802343
5.249	8.865424751
5.25	8.868046803
5.251	8.870668499
5.252	8.87328984
5.253	8.875910827
5.254	8.878531459
5.255	8.881151736
5.256	8.883771659
5.257	8.886391228
5.258	8.889010444
5.259	8.891629307
5.26	8.894247816
5.261	8.896865973
5.262	8.899483777
5.263	8.902101229
5.264	8.904718329
5.265	8.907335078
5.266	8.909951475
5.267	8.91256752
5.268	8.915183215
5.269	8.91779856
5.27	8.920413553
5.271	8.923028197
5.272	8.925642491
5.273	8.928256436
5.274	8.930870031
5.275	8.933483277
5.276	8.936096174
5.277	8.938708723
5.278	8.941320924
5.279	8.943932776
5.28	8.946544281
5.281	8.949155439
5.282	8.951766249
5.283	8.954376712
5.284	8.956986829
5.285	8.959596599
5.286	8.962206024
5.287	8.964815102
5.288	8.967423835
5.289	8.970032222
5.29	8.972640264
5.291	8.975247962
5.292	8.977855314
5.293	8.980462323
5.294	8.983068988
5.295	8.985675308
5.296	8.988281286
5.297	8.990886919
5.298	8.99349221
5.299	8.996097159
5.3	8.998701764
5.301	9.001306028
5.302	9.003909949
5.303	9.006513529
5.304	9.009116767
5.305	9.011719665
5.306	9.014322221
5.307	9.016924436
5.308	9.019526311
5.309	9.022127846
5.31	9.024729041
5.311	9.027329897
5.312	9.029930413
5.313	9.03253059
5.314	9.035130427
5.315	9.037729927
5.316	9.040329088
5.317	9.04292791
5.318	9.045526395
5.319	9.048124543
5.32	9.050722352
5.321	9.053319825
5.322	9.055916961
5.323	9.058513761
5.324	9.061110223
5.325	9.06370635
5.326	9.066302141
5.327	9.068897597
5.328	9.071492717
5.329	9.074087502
5.33	9.076681952
5.331	9.079276068
5.332	9.081869849
5.333	9.084463296
5.334	9.08705641
5.335	9.089649189
5.336	9.092241636
5.337	9.094833749
5.338	9.09742553
5.339	9.100016977
5.34	9.102608093
5.341	9.105198876
5.342	9.107789328
5.343	9.110379448
5.344	9.112969237
5.345	9.115558695
5.346	9.118147821
5.347	9.120736617
5.348	9.123325083
5.349	9.125913219
5.35	9.128501025
5.351	9.131088501
5.352	9.133675648
5.353	9.136262466
5.354	9.138848955
5.355	9.141435115
5.356	9.144020947
5.357	9.146606451
5.358	9.149191626
5.359	9.151776475
5.36	9.154360995
5.361	9.156945189
5.362	9.159529056
5.363	9.162112596
5.364	9.16469581
5.365	9.167278697
5.366	9.169861259
5.367	9.172443494
5.368	9.175025405
5.369	9.17760699
5.37	9.18018825
5.371	9.182769186
5.372	9.185349797
5.373	9.187930083
5.374	9.190510046
5.375	9.193089685
5.376	9.195669001
5.377	9.198247993
5.378	9.200826662
5.379	9.203405008
5.38	9.205983032
5.381	9.208560734
5.382	9.211138113
5.383	9.213715171
5.384	9.216291906
5.385	9.218868321
5.386	9.221444415
5.387	9.224020187
5.388	9.226595639
5.389	9.229170771
5.39	9.231745582
5.391	9.234320073
5.392	9.236894245
5.393	9.239468097
5.394	9.242041631
5.395	9.244614845
5.396	9.24718774
5.397	9.249760317
5.398	9.252332575
5.399	9.254904516
5.4	9.257476138
5.401	9.260047444
5.402	9.262618431
5.403	9.265189102
5.404	9.267759456
5.405	9.270329493
5.406	9.272899214
5.407	9.275468619
5.408	9.278037707
5.409	9.28060648
5.41	9.283174938
5.411	9.28574308
5.412	9.288310908
5.413	9.29087842
5.414	9.293445618
5.415	9.296012502
5.416	9.298579072
5.417	9.301145328
5.418	9.30371127
5.419	9.306276899
5.42	9.308842215
5.421	9.311407218
5.422	9.313971908
5.423	9.316536286
5.424	9.319100351
5.425	9.321664105
5.426	9.324227546
5.427	9.326790677
5.428	9.329353496
5.429	9.331916004
5.43	9.334478201
5.431	9.337040087
5.432	9.339601663
5.433	9.342162929
5.434	9.344723885
5.435	9.347284532
5.436	9.349844869
5.437	9.352404896
5.438	9.354964615
5.439	9.357524025
5.44	9.360083126
5.441	9.362641919
5.442	9.365200404
5.443	9.367758581
5.444	9.37031645
5.445	9.372874012
5.446	9.375431267
5.447	9.377988215
5.448	9.380544856
5.449	9.38310119
5.45	9.385657218
5.451	9.38821294
5.452	9.390768357
5.453	9.393323467
5.454	9.395878273
5.455	9.398432773
5.456	9.400986968
5.457	9.403540858
5.458	9.406094444
5.459	9.408647726
5.46	9.411200703
5.461	9.413753377
5.462	9.416305747
5.463	9.418857814
5.464	9.421409577
5.465	9.423961038
5.466	9.426512196
5.467	9.429063051
5.468	9.431613604
5.469	9.434163856
5.47	9.436713805
5.471	9.439263452
5.472	9.441812799
5.473	9.444361844
5.474	9.446910588
5.475	9.449459031
5.476	9.452007174
5.477	9.454555016
5.478	9.457102559
5.479	9.459649801
5.48	9.462196744
5.481	9.464743388
5.482	9.467289732
5.483	9.469835777
5.484	9.472381524
5.485	9.474926972
5.486	9.477472122
5.487	9.480016973
5.488	9.482561527
5.489	9.485105783
5.49	9.487649742
5.491	9.490193403
5.492	9.492736767
5.493	9.495279835
5.494	9.497822605
5.495	9.50036508
5.496	9.502907258
5.497	9.505449141
5.498	9.507990727
5.499	9.510532018
5.5	9.513073014
5.501	9.515613715
5.502	9.518154121
5.503	9.520694232
5.504	9.523234049
5.505	9.525773571
5.506	9.5283128
5.507	9.530851734
5.508	9.533390375
5.509	9.535928723
5.51	9.538466778
5.511	9.541004539
5.512	9.543542008
5.513	9.546079185
5.514	9.548616069
5.515	9.551152661
5.516	9.553688961
5.517	9.556224969
5.518	9.558760686
5.519	9.561296111
5.52	9.563831246
5.521	9.56636609
5.522	9.568900643
5.523	9.571434906
5.524	9.573968878
5.525	9.576502561
5.526	9.579035953
5.527	9.581569057
5.528	9.58410187
5.529	9.586634395
5.53	9.589166631
5.531	9.591698578
5.532	9.594230236
5.533	9.596761606
5.534	9.599292688
5.535	9.601823482
5.536	9.604353989
5.537	9.606884208
5.538	9.609414139
5.539	9.611943784
5.54	9.614473142
5.541	9.617002213
5.542	9.619530997
5.543	9.622059496
5.544	9.624587708
5.545	9.627115635
5.546	9.629643275
5.547	9.632170631
5.548	9.634697701
5.549	9.637224486
5.55	9.639750987
5.551	9.642277203
5.552	9.644803134
5.553	9.647328782
5.554	9.649854145
5.555	9.652379224
5.556	9.65490402
5.557	9.657428533
5.558	9.659952762
5.559	9.662476709
5.56	9.665000373
5.561	9.667523754
5.562	9.670046853
5.563	9.672569669
5.564	9.675092204
5.565	9.677614457
5.566	9.680136428
5.567	9.682658118
5.568	9.685179527
5.569	9.687700655
5.57	9.690221503
5.571	9.69274207
5.572	9.695262356
5.573	9.697782362
5.574	9.700302089
5.575	9.702821535
5.576	9.705340703
5.577	9.70785959
5.578	9.710378199
5.579	9.712896529
5.58	9.71541458
5.581	9.717932353
5.582	9.720449847
5.583	9.722967063
5.584	9.725484001
5.585	9.728000662
5.586	9.730517044
5.587	9.73303315
5.588	9.735548979
5.589	9.73806453
5.59	9.740579805
5.591	9.743094803
5.592	9.745609525
5.593	9.748123971
5.594	9.750638141
5.595	9.753152035
5.596	9.755665654
5.597	9.758178997
5.598	9.760692065
5.599	9.763204858
5.6	9.765717376
5.601	9.76822962
5.602	9.77074159
5.603	9.773253285
5.604	9.775764706
5.605	9.778275854
5.606	9.780786727
5.607	9.783297328
5.608	9.785807655
5.609	9.78831771
5.61	9.790827491
5.611	9.793337
5.612	9.795846237
5.613	9.798355201
5.614	9.800863893
5.615	9.803372314
5.616	9.805880462
5.617	9.80838834
5.618	9.810895946
5.619	9.813403281
5.62	9.815910345
5.621	9.818417138
5.622	9.820923661
5.623	9.823429914
5.624	9.825935897
5.625	9.828441609
5.626	9.830947052
5.627	9.833452226
5.628	9.83595713
5.629	9.838461765
5.63	9.840966131
5.631	9.843470228
5.632	9.845974057
5.633	9.848477617
5.634	9.850980909
5.635	9.853483934
5.636	9.85598669
5.637	9.858489179
5.638	9.8609914
5.639	9.863493354
5.64	9.865995041
5.641	9.868496461
5.642	9.870997615
5.643	9.873498502
5.644	9.875999123
5.645	9.878499477
5.646	9.880999566
5.647	9.883499389
5.648	9.885998947
5.649	9.888498239
5.65	9.890997266
5.651	9.893496028
5.652	9.895994525
5.653	9.898492758
5.654	9.900990726
5.655	9.90348843
5.656	9.90598587
5.657	9.908483046
5.658	9.910979959
5.659	9.913476608
5.66	9.915972993
5.661	9.918469116
5.662	9.920964976
5.663	9.923460573
5.664	9.925955907
5.665	9.928450979
5.666	9.930945789
5.667	9.933440337
5.668	9.935934623
5.669	9.938428648
5.67	9.940922411
5.671	9.943415912
5.672	9.945909153
5.673	9.948402133
5.674	9.950894852
5.675	9.953387311
5.676	9.955879509
5.677	9.958371447
5.678	9.960863125
5.679	9.963354544
5.68	9.965845703
5.681	9.968336602
5.682	9.970827242
5.683	9.973317623
5.684	9.975807746
5.685	9.978297609
5.686	9.980787214
5.687	9.983276561
5.688	9.98576565
5.689	9.98825448
5.69	9.990743053
5.691	9.993231368
5.692	9.995719426
5.693	9.998207227
5.694	10.00069477
5.695	10.00318206
5.696	10.00566909
5.697	10.00815586
5.698	10.01064238
5.699	10.01312864
5.7	10.01561464
5.701	10.01810039
5.702	10.02058589
5.703	10.02307112
5.704	10.02555611
5.705	10.02804084
5.706	10.03052531
5.707	10.03300953
5.708	10.03549349
5.709	10.0379772
5.71	10.04046066
5.711	10.04294386
5.712	10.0454268
5.713	10.0479095
5.714	10.05039194
5.715	10.05287412
5.716	10.05535606
5.717	10.05783774
5.718	10.06031917
5.719	10.06280034
5.72	10.06528127
5.721	10.06776194
5.722	10.07024236
5.723	10.07272252
5.724	10.07520244
5.725	10.0776821
5.726	10.08016151
5.727	10.08264068
5.728	10.08511959
5.729	10.08759824
5.73	10.09007665
5.731	10.09255481
5.732	10.09503272
5.733	10.09751038
5.734	10.09998779
5.735	10.10246494
5.736	10.10494185
5.737	10.10741851
5.738	10.10989492
5.739	10.11237108
5.74	10.11484699
5.741	10.11732266
5.742	10.11979807
5.743	10.12227324
5.744	10.12474815
5.745	10.12722282
5.746	10.12969725
5.747	10.13217142
5.748	10.13464535
5.749	10.13711903
5.75	10.13959246
5.751	10.14206564
5.752	10.14453858
5.753	10.14701127
5.754	10.14948372
5.755	10.15195592
5.756	10.15442787
5.757	10.15689958
5.758	10.15937104
5.759	10.16184225
5.76	10.16431322
5.761	10.16678395
5.762	10.16925443
5.763	10.17172466
5.764	10.17419465
5.765	10.1766644
5.766	10.1791339
5.767	10.18160316
5.768	10.18407217
5.769	10.18654094
5.77	10.18900946
5.771	10.19147774
5.772	10.19394578
5.773	10.19641357
5.774	10.19888112
5.775	10.20134843
5.776	10.2038155
5.777	10.20628232
5.778	10.2087489
5.779	10.21121524
5.78	10.21368134
5.781	10.21614719
5.782	10.2186128
5.783	10.22107817
5.784	10.2235433
5.785	10.22600819
5.786	10.22847284
5.787	10.23093724
5.788	10.23340141
5.789	10.23586533
5.79	10.23832902
5.791	10.24079246
5.792	10.24325567
5.793	10.24571863
5.794	10.24818136
5.795	10.25064384
5.796	10.25310609
5.797	10.25556809
5.798	10.25802986
5.799	10.26049139
5.8	10.26295268
5.801	10.26541373
5.802	10.26787454
5.803	10.27033511
5.804	10.27279545
5.805	10.27525555
5.806	10.27771541
5.807	10.28017503
5.808	10.28263442
5.809	10.28509356
5.81	10.28755248
5.811	10.29001115
5.812	10.29246959
5.813	10.29492779
5.814	10.29738575
5.815	10.29984348
5.816	10.30230097
5.817	10.30475823
5.818	10.30721524
5.819	10.30967203
5.82	10.31212858
5.821	10.31458489
5.822	10.31704097
5.823	10.31949681
5.824	10.32195242
5.825	10.32440779
5.826	10.32686293
5.827	10.32931784
5.828	10.33177251
5.829	10.33422694
5.83	10.33668115
5.831	10.33913511
5.832	10.34158885
5.833	10.34404235
5.834	10.34649562
5.835	10.34894866
5.836	10.35140146
5.837	10.35385403
5.838	10.35630636
5.839	10.35875847
5.84	10.36121034
5.841	10.36366198
5.842	10.36611339
5.843	10.36856457
5.844	10.37101551
5.845	10.37346623
5.846	10.37591671
5.847	10.37836696
5.848	10.38081698
5.849	10.38326677
5.85	10.38571633
5.851	10.38816565
5.852	10.39061475
5.853	10.39306362
5.854	10.39551225
5.855	10.39796066
5.856	10.40040884
5.857	10.40285679
5.858	10.40530451
5.859	10.40775199
5.86	10.41019925
5.861	10.41264629
5.862	10.41509309
5.863	10.41753966
5.864	10.41998601
5.865	10.42243212
5.866	10.42487801
5.867	10.42732367
5.868	10.4297691
5.869	10.43221431
5.87	10.43465929
5.871	10.43710404
5.872	10.43954856
5.873	10.44199285
5.874	10.44443692
5.875	10.44688076
5.876	10.44932438
5.877	10.45176777
5.878	10.45421093
5.879	10.45665387
5.88	10.45909658
5.881	10.46153906
5.882	10.46398132
5.883	10.46642335
5.884	10.46886516
5.885	10.47130674
5.886	10.4737481
5.887	10.47618923
5.888	10.47863014
5.889	10.48107082
5.89	10.48351128
5.891	10.48595151
5.892	10.48839152
5.893	10.49083131
5.894	10.49327087
5.895	10.49571021
5.896	10.49814932
5.897	10.50058821
5.898	10.50302688
5.899	10.50546533
5.9	10.50790355
5.901	10.51034155
5.902	10.51277932
5.903	10.51521688
5.904	10.51765421
5.905	10.52009132
5.906	10.5225282
5.907	10.52496487
5.908	10.52740131
5.909	10.52983753
5.91	10.53227353
5.911	10.53470931
5.912	10.53714487
5.913	10.53958021
5.914	10.54201532
5.915	10.54445022
5.916	10.54688489
5.917	10.54931935
5.918	10.55175358
5.919	10.55418759
5.92	10.55662139
5.921	10.55905496
5.922	10.56148831
5.923	10.56392145
5.924	10.56635436
5.925	10.56878706
5.926	10.57121954
5.927	10.5736518
5.928	10.57608383
5.929	10.57851566
5.93	10.58094726
5.931	10.58337864
5.932	10.58580981
5.933	10.58824075
5.934	10.59067148
5.935	10.593102
5.936	10.59553229
5.937	10.59796237
5.938	10.60039223
5.939	10.60282187
5.94	10.60525129
5.941	10.6076805
5.942	10.61010949
5.943	10.61253827
5.944	10.61496683
5.945	10.61739517
5.946	10.61982329
5.947	10.62225121
5.948	10.6246789
5.949	10.62710638
5.95	10.62953364
5.951	10.63196069
5.952	10.63438752
5.953	10.63681414
5.954	10.63924054
5.955	10.64166673
5.956	10.6440927
5.957	10.64651846
5.958	10.648944
5.959	10.65136933
5.96	10.65379445
5.961	10.65621935
5.962	10.65864403
5.963	10.66106851
5.964	10.66349277
5.965	10.66591681
5.966	10.66834065
5.967	10.67076427
5.968	10.67318768
5.969	10.67561087
5.97	10.67803385
5.971	10.68045662
5.972	10.68287918
5.973	10.68530152
5.974	10.68772365
5.975	10.69014558
5.976	10.69256728
5.977	10.69498878
5.978	10.69741007
5.979	10.69983114
5.98	10.702252
5.981	10.70467265
5.982	10.70709309
5.983	10.70951332
5.984	10.71193334
5.985	10.71435315
5.986	10.71677275
5.987	10.71919214
5.988	10.72161131
5.989	10.72403028
5.99	10.72644904
5.991	10.72886759
5.992	10.73128593
5.993	10.73370405
5.994	10.73612197
5.995	10.73853968
5.996	10.74095719
5.997	10.74337448
5.998	10.74579156
5.999	10.74820844
6	10.7506251
6.001	10.75304156
6.002	10.75545781
6.003	10.75787385
6.004	10.76028969
6.005	10.76270532
6.006	10.76512073
6.007	10.76753595
6.008	10.76995095
6.009	10.77236575
6.01	10.77478034
6.011	10.77719472
6.012	10.77960889
6.013	10.78202286
6.014	10.78443663
6.015	10.78685018
6.016	10.78926353
6.017	10.79167667
6.018	10.79408961
6.019	10.79650234
6.02	10.79891487
6.021	10.80132719
6.022	10.80373931
6.023	10.80615122
6.024	10.80856292
6.025	10.81097442
6.026	10.81338572
6.027	10.81579681
6.028	10.81820769
6.029	10.82061837
6.03	10.82302885
6.031	10.82543912
6.032	10.82784919
6.033	10.83025905
6.034	10.83266871
6.035	10.83507817
6.036	10.83748742
6.037	10.83989647
6.038	10.84230532
6.039	10.84471396
6.04	10.8471224
6.041	10.84953064
6.042	10.85193868
6.043	10.85434651
6.044	10.85675414
6.045	10.85916157
6.046	10.86156879
6.047	10.86397582
6.048	10.86638264
6.049	10.86878926
6.05	10.87119567
6.051	10.87360189
6.052	10.87600791
6.053	10.87841372
6.054	10.88081933
6.055	10.88322474
6.056	10.88562995
6.057	10.88803496
6.058	10.89043977
6.059	10.89284438
6.06	10.89524879
6.061	10.897653
6.062	10.90005701
6.063	10.90246082
6.064	10.90486442
6.065	10.90726783
6.066	10.90967104
6.067	10.91207405
6.068	10.91447686
6.069	10.91687947
6.07	10.91928189
6.071	10.9216841
6.072	10.92408611
6.073	10.92648793
6.074	10.92888955
6.075	10.93129097
6.076	10.93369219
6.077	10.93609321
6.078	10.93849404
6.079	10.94089466
6.08	10.94329509
6.081	10.94569533
6.082	10.94809536
6.083	10.9504952
6.084	10.95289484
6.085	10.95529428
6.086	10.95769353
6.087	10.96009257
6.088	10.96249143
6.089	10.96489008
6.09	10.96728854
6.091	10.96968681
6.092	10.97208487
6.093	10.97448274
6.094	10.97688042
6.095	10.9792779
6.096	10.98167518
6.097	10.98407227
6.098	10.98646916
6.099	10.98886586
6.1	10.99126236
6.101	10.99365867
6.102	10.99605478
6.103	10.9984507
6.104	11.00084642
6.105	11.00324195
6.106	11.00563729
6.107	11.00803243
6.108	11.01042737
6.109	11.01282212
6.11	11.01521668
6.111	11.01761105
6.112	11.02000522
6.113	11.0223992
6.114	11.02479298
6.115	11.02718657
6.116	11.02957997
6.117	11.03197317
6.118	11.03436618
6.119	11.036759
6.12	11.03915163
6.121	11.04154406
6.122	11.04393631
6.123	11.04632836
6.124	11.04872021
6.125	11.05111188
6.126	11.05350335
6.127	11.05589463
6.128	11.05828572
6.129	11.06067662
6.13	11.06306733
6.131	11.06545785
6.132	11.06784817
6.133	11.07023831
6.134	11.07262825
6.135	11.075018
6.136	11.07740757
6.137	11.07979694
6.138	11.08218612
6.139	11.08457511
6.14	11.08696391
6.141	11.08935252
6.142	11.09174094
6.143	11.09412917
6.144	11.09651722
6.145	11.09890507
6.146	11.10129273
6.147	11.10368021
6.148	11.10606749
6.149	11.10845459
6.15	11.11084149
6.151	11.11322821
6.152	11.11561474
6.153	11.11800108
6.154	11.12038724
6.155	11.1227732
6.156	11.12515898
6.157	11.12754456
6.158	11.12992997
6.159	11.13231518
6.16	11.1347002
6.161	11.13708504
6.162	11.13946969
6.163	11.14185415
6.164	11.14423843
6.165	11.14662252
6.166	11.14900642
6.167	11.15139014
6.168	11.15377366
6.169	11.15615701
6.17	11.15854016
6.171	11.16092313
6.172	11.16330591
6.173	11.16568851
6.174	11.16807092
6.175	11.17045315
6.176	11.17283519
6.177	11.17521704
6.178	11.17759871
6.179	11.17998019
6.18	11.18236149
6.181	11.1847426
6.182	11.18712353
6.183	11.18950427
6.184	11.19188483
6.185	11.1942652
6.186	11.19664539
6.187	11.1990254
6.188	11.20140522
6.189	11.20378486
6.19	11.20616431
6.191	11.20854358
6.192	11.21092266
6.193	11.21330156
6.194	11.21568028
6.195	11.21805881
6.196	11.22043716
6.197	11.22281533
6.198	11.22519332
6.199	11.22757112
6.2	11.22994874
6.201	11.23232617
6.202	11.23470342
6.203	11.2370805
6.204	11.23945738
6.205	11.24183409
6.206	11.24421061
6.207	11.24658696
6.208	11.24896312
6.209	11.25133909
6.21	11.25371489
6.211	11.25609051
6.212	11.25846594
6.213	11.26084119
6.214	11.26321626
6.215	11.26559115
6.216	11.26796586
6.217	11.27034039
6.218	11.27271474
6.219	11.27508891
6.22	11.27746289
6.221	11.2798367
6.222	11.28221032
6.223	11.28458377
6.224	11.28695704
6.225	11.28933012
6.226	11.29170303
6.227	11.29407575
6.228	11.2964483
6.229	11.29882067
6.23	11.30119286
6.231	11.30356487
6.232	11.30593669
6.233	11.30830835
6.234	11.31067982
6.235	11.31305111
6.236	11.31542222
6.237	11.31779316
6.238	11.32016392
6.239	11.3225345
6.24	11.3249049
6.241	11.32727512
6.242	11.32964516
6.243	11.33201503
6.244	11.33438472
6.245	11.33675423
6.246	11.33912357
6.247	11.34149272
6.248	11.3438617
6.249	11.34623051
6.25	11.34859913
6.251	11.35096758
6.252	11.35333585
6.253	11.35570395
6.254	11.35807186
6.255	11.3604396
6.256	11.36280717
6.257	11.36517456
6.258	11.36754177
6.259	11.36990881
6.26	11.37227567
6.261	11.37464235
6.262	11.37700886
6.263	11.3793752
6.264	11.38174136
6.265	11.38410734
6.266	11.38647315
6.267	11.38883878
6.268	11.39120424
6.269	11.39356952
6.27	11.39593463
6.271	11.39829956
6.272	11.40066432
6.273	11.4030289
6.274	11.40539331
6.275	11.40775755
6.276	11.41012161
6.277	11.4124855
6.278	11.41484921
6.279	11.41721275
6.28	11.41957612
6.281	11.42193931
6.282	11.42430233
6.283	11.42666517
6.284	11.42902784
6.285	11.43139034
6.286	11.43375267
6.287	11.43611482
6.288	11.4384768
6.289	11.44083861
6.29	11.44320025
6.291	11.44556171
6.292	11.447923
6.293	11.45028412
6.294	11.45264506
6.295	11.45500584
6.296	11.45736644
6.297	11.45972687
6.298	11.46208713
6.299	11.46444721
6.3	11.46680713
6.301	11.46916687
6.302	11.47152644
6.303	11.47388585
6.304	11.47624508
6.305	11.47860414
6.306	11.48096302
6.307	11.48332174
6.308	11.48568029
6.309	11.48803867
6.31	11.49039687
6.311	11.49275491
6.312	11.49511277
6.313	11.49747047
6.314	11.49982799
6.315	11.50218535
6.316	11.50454254
6.317	11.50689955
6.318	11.5092564
6.319	11.51161308
6.32	11.51396958
6.321	11.51632592
6.322	11.51868209
6.323	11.52103809
6.324	11.52339392
6.325	11.52574959
6.326	11.52810508
6.327	11.53046041
6.328	11.53281556
6.329	11.53517055
6.33	11.53752537
6.331	11.53988003
6.332	11.54223451
6.333	11.54458883
6.334	11.54694298
6.335	11.54929696
6.336	11.55165077
6.337	11.55400441
6.338	11.55635789
6.339	11.5587112
6.34	11.56106435
6.341	11.56341732
6.342	11.56577013
6.343	11.56812278
6.344	11.57047525
6.345	11.57282756
6.346	11.5751797
6.347	11.57753168
6.348	11.57988349
6.349	11.58223513
6.35	11.58458661
6.351	11.58693792
6.352	11.58928907
6.353	11.59164005
6.354	11.59399086
6.355	11.59634151
6.356	11.59869199
6.357	11.60104231
6.358	11.60339246
6.359	11.60574245
6.36	11.60809227
6.361	11.61044193
6.362	11.61279142
6.363	11.61514074
6.364	11.61748991
6.365	11.6198389
6.366	11.62218774
6.367	11.6245364
6.368	11.62688491
6.369	11.62923325
6.37	11.63158143
6.371	11.63392944
6.372	11.63627729
6.373	11.63862497
6.374	11.64097249
6.375	11.64331985
6.376	11.64566704
6.377	11.64801407
6.378	11.65036094
6.379	11.65270764
6.38	11.65505418
6.381	11.65740056
6.382	11.65974678
6.383	11.66209283
6.384	11.66443872
6.385	11.66678445
6.386	11.66913001
6.387	11.67147541
6.388	11.67382065
6.389	11.67616573
6.39	11.67851065
6.391	11.6808554
6.392	11.68319999
6.393	11.68554443
6.394	11.68788869
6.395	11.6902328
6.396	11.69257675
6.397	11.69492053
6.398	11.69726416
6.399	11.69960762
6.4	11.70195092
6.401	11.70429406
6.402	11.70663704
6.403	11.70897986
6.404	11.71132252
6.405	11.71366501
6.406	11.71600735
6.407	11.71834953
6.408	11.72069154
6.409	11.7230334
6.41	11.7253751
6.411	11.72771663
6.412	11.73005801
6.413	11.73239923
6.414	11.73474029
6.415	11.73708118
6.416	11.73942192
6.417	11.7417625
6.418	11.74410292
6.419	11.74644318
6.42	11.74878328
6.421	11.75112323
6.422	11.75346301
6.423	11.75580264
6.424	11.7581421
6.425	11.76048141
6.426	11.76282056
6.427	11.76515955
6.428	11.76749839
6.429	11.76983706
6.43	11.77217558
6.431	11.77451394
6.432	11.77685214
6.433	11.77919018
6.434	11.78152807
6.435	11.7838658
6.436	11.78620337
6.437	11.78854078
6.438	11.79087804
6.439	11.79321514
6.44	11.79555208
6.441	11.79788886
6.442	11.80022549
6.443	11.80256196
6.444	11.80489828
6.445	11.80723444
6.446	11.80957044
6.447	11.81190628
6.448	11.81424197
6.449	11.8165775
6.45	11.81891288
6.451	11.8212481
6.452	11.82358317
6.453	11.82591808
6.454	11.82825283
6.455	11.83058743
6.456	11.83292187
6.457	11.83525616
6.458	11.83759029
6.459	11.83992426
6.46	11.84225809
6.461	11.84459175
6.462	11.84692526
6.463	11.84925862
6.464	11.85159182
6.465	11.85392487
6.466	11.85625776
6.467	11.8585905
6.468	11.86092308
6.469	11.86325551
6.47	11.86558779
6.471	11.86791991
6.472	11.87025188
6.473	11.87258369
6.474	11.87491535
6.475	11.87724685
6.476	11.87957821
6.477	11.88190941
6.478	11.88424045
6.479	11.88657134
6.48	11.88890208
6.481	11.89123267
6.482	11.8935631
6.483	11.89589338
6.484	11.89822351
6.485	11.90055348
6.486	11.9028833
6.487	11.90521297
6.488	11.90754249
6.489	11.90987185
6.49	11.91220107
6.491	11.91453013
6.492	11.91685903
6.493	11.91918779
6.494	11.92151639
6.495	11.92384484
6.496	11.92617314
6.497	11.92850129
6.498	11.93082929
6.499	11.93315714
6.5	11.93548483
6.501	11.93781237
6.502	11.94013977
6.503	11.94246701
6.504	11.9447941
6.505	11.94712104
6.506	11.94944782
6.507	11.95177446
6.508	11.95410095
6.509	11.95642728
6.51	11.95875347
6.511	11.96107951
6.512	11.96340539
6.513	11.96573113
6.514	11.96805671
6.515	11.97038215
6.516	11.97270743
6.517	11.97503257
6.518	11.97735756
6.519	11.97968239
6.52	11.98200708
6.521	11.98433162
6.522	11.98665601
6.523	11.98898025
6.524	11.99130434
6.525	11.99362828
6.526	11.99595207
6.527	11.99827571
6.528	12.00059921
6.529	12.00292255
6.53	12.00524575
6.531	12.0075688
6.532	12.0098917
6.533	12.01221445
6.534	12.01453705
6.535	12.01685951
6.536	12.01918182
6.537	12.02150398
6.538	12.02382599
6.539	12.02614785
6.54	12.02846957
6.541	12.03079114
6.542	12.03311256
6.543	12.03543383
6.544	12.03775496
6.545	12.04007594
6.546	12.04239677
6.547	12.04471746
6.548	12.047038
6.549	12.04935839
6.55	12.05167863
6.551	12.05399873
6.552	12.05631868
6.553	12.05863849
6.554	12.06095815
6.555	12.06327766
6.556	12.06559703
6.557	12.06791625
6.558	12.07023532
6.559	12.07255425
6.56	12.07487303
6.561	12.07719167
6.562	12.07951016
6.563	12.0818285
6.564	12.0841467
6.565	12.08646475
6.566	12.08878266
6.567	12.09110043
6.568	12.09341804
6.569	12.09573552
6.57	12.09805285
6.571	12.10037003
6.572	12.10268707
6.573	12.10500396
6.574	12.10732071
6.575	12.10963732
6.576	12.11195378
6.577	12.11427009
6.578	12.11658626
6.579	12.11890229
6.58	12.12121817
6.581	12.12353391
6.582	12.12584951
6.583	12.12816496
6.584	12.13048027
6.585	12.13279543
6.586	12.13511045
6.587	12.13742533
6.588	12.13974006
6.589	12.14205465
6.59	12.1443691
6.591	12.1466834
6.592	12.14899756
6.593	12.15131158
6.594	12.15362546
6.595	12.15593919
6.596	12.15825278
6.597	12.16056622
6.598	12.16287953
6.599	12.16519269
6.6	12.16750571
6.601	12.16981859
6.602	12.17213132
6.603	12.17444391
6.604	12.17675636
6.605	12.17906867
6.606	12.18138084
6.607	12.18369287
6.608	12.18600475
6.609	12.18831649
6.61	12.19062809
6.611	12.19293955
6.612	12.19525087
6.613	12.19756204
6.614	12.19987308
6.615	12.20218397
6.616	12.20449473
6.617	12.20680534
6.618	12.20911581
6.619	12.21142614
6.62	12.21373633
6.621	12.21604638
6.622	12.21835629
6.623	12.22066606
6.624	12.22297569
6.625	12.22528517
6.626	12.22759452
6.627	12.22990373
6.628	12.2322128
6.629	12.23452173
6.63	12.23683051
6.631	12.23913916
6.632	12.24144767
6.633	12.24375604
6.634	12.24606427
6.635	12.24837236
6.636	12.25068031
6.637	12.25298812
6.638	12.2552958
6.639	12.25760333
6.64	12.25991072
6.641	12.26221798
6.642	12.2645251
6.643	12.26683208
6.644	12.26913891
6.645	12.27144562
6.646	12.27375218
6.647	12.2760586
6.648	12.27836489
6.649	12.28067104
6.65	12.28297705
6.651	12.28528292
6.652	12.28758865
6.653	12.28989425
6.654	12.29219971
6.655	12.29450503
6.656	12.29681021
6.657	12.29911525
6.658	12.30142016
6.659	12.30372493
6.66	12.30602956
6.661	12.30833406
6.662	12.31063842
6.663	12.31294264
6.664	12.31524672
6.665	12.31755067
6.666	12.31985448
6.667	12.32215816
6.668	12.32446169
6.669	12.32676509
6.67	12.32906836
6.671	12.33137149
6.672	12.33367448
6.673	12.33597733
6.674	12.33828005
6.675	12.34058264
6.676	12.34288508
6.677	12.34518739
6.678	12.34748957
6.679	12.34979161
6.68	12.35209351
6.681	12.35439528
6.682	12.35669691
6.683	12.35899841
6.684	12.36129977
6.685	12.363601
6.686	12.36590209
6.687	12.36820305
6.688	12.37050387
6.689	12.37280456
6.69	12.37510511
6.691	12.37740553
6.692	12.37970581
6.693	12.38200596
6.694	12.38430597
6.695	12.38660585
6.696	12.38890559
6.697	12.3912052
6.698	12.39350468
6.699	12.39580402
6.7	12.39810323
6.701	12.4004023
6.702	12.40270124
6.703	12.40500005
6.704	12.40729872
6.705	12.40959726
6.706	12.41189566
6.707	12.41419393
6.708	12.41649207
6.709	12.41879008
6.71	12.42108795
6.711	12.42338569
6.712	12.42568329
6.713	12.42798076
6.714	12.4302781
6.715	12.43257531
6.716	12.43487238
6.717	12.43716932
6.718	12.43946613
6.719	12.44176281
6.72	12.44405935
6.721	12.44635576
6.722	12.44865204
6.723	12.45094819
6.724	12.4532442
6.725	12.45554008
6.726	12.45783583
6.727	12.46013145
6.728	12.46242694
6.729	12.46472229
6.73	12.46701752
6.731	12.46931261
6.732	12.47160757
6.733	12.4739024
6.734	12.47619709
6.735	12.47849166
6.736	12.48078609
6.737	12.4830804
6.738	12.48537457
6.739	12.48766861
6.74	12.48996252
6.741	12.4922563
6.742	12.49454995
6.743	12.49684347
6.744	12.49913686
6.745	12.50143011
6.746	12.50372324
6.747	12.50601624
6.748	12.5083091
6.749	12.51060184
6.75	12.51289444
6.751	12.51518692
6.752	12.51747927
6.753	12.51977148
6.754	12.52206357
6.755	12.52435552
6.756	12.52664735
6.757	12.52893905
6.758	12.53123061
6.759	12.53352205
6.76	12.53581336
6.761	12.53810454
6.762	12.54039559
6.763	12.54268651
6.764	12.5449773
6.765	12.54726797
6.766	12.5495585
6.767	12.55184891
6.768	12.55413918
6.769	12.55642933
6.77	12.55871935
6.771	12.56100924
6.772	12.563299
6.773	12.56558864
6.774	12.56787814
6.775	12.57016752
6.776	12.57245677
6.777	12.57474589
6.778	12.57703489
6.779	12.57932375
6.78	12.58161249
6.781	12.5839011
6.782	12.58618958
6.783	12.58847794
6.784	12.59076616
6.785	12.59305426
6.786	12.59534223
6.787	12.59763008
6.788	12.5999178
6.789	12.60220539
6.79	12.60449285
6.791	12.60678019
6.792	12.6090674
6.793	12.61135448
6.794	12.61364144
6.795	12.61592826
6.796	12.61821497
6.797	12.62050154
6.798	12.62278799
6.799	12.62507432
6.8	12.62736051
6.801	12.62964658
6.802	12.63193253
6.803	12.63421835
6.804	12.63650404
6.805	12.6387896
6.806	12.64107504
6.807	12.64336036
6.808	12.64564555
6.809	12.64793061
6.81	12.65021555
6.811	12.65250036
6.812	12.65478505
6.813	12.65706961
6.814	12.65935404
6.815	12.66163835
6.816	12.66392254
6.817	12.6662066
6.818	12.66849053
6.819	12.67077434
6.82	12.67305803
6.821	12.67534159
6.822	12.67762503
6.823	12.67990834
6.824	12.68219152
6.825	12.68447459
6.826	12.68675752
6.827	12.68904034
6.828	12.69132303
6.829	12.69360559
6.83	12.69588803
6.831	12.69817035
6.832	12.70045254
6.833	12.70273461
6.834	12.70501656
6.835	12.70729838
6.836	12.70958008
6.837	12.71186165
6.838	12.7141431
6.839	12.71642443
6.84	12.71870563
6.841	12.72098671
6.842	12.72326767
6.843	12.7255485
6.844	12.72782921
6.845	12.7301098
6.846	12.73239026
6.847	12.73467061
6.848	12.73695083
6.849	12.73923092
6.85	12.74151089
6.851	12.74379075
6.852	12.74607047
6.853	12.74835008
6.854	12.75062956
6.855	12.75290892
6.856	12.75518816
6.857	12.75746728
6.858	12.75974627
6.859	12.76202515
6.86	12.7643039
6.861	12.76658253
6.862	12.76886103
6.863	12.77113942
6.864	12.77341768
6.865	12.77569582
6.866	12.77797384
6.867	12.78025174
6.868	12.78252952
6.869	12.78480717
6.87	12.78708471
6.871	12.78936212
6.872	12.79163942
6.873	12.79391659
6.874	12.79619364
6.875	12.79847057
6.876	12.80074737
6.877	12.80302406
6.878	12.80530063
6.879	12.80757708
6.88	12.8098534
6.881	12.81212961
6.882	12.81440569
6.883	12.81668166
6.884	12.8189575
6.885	12.82123323
6.886	12.82350883
6.887	12.82578431
6.888	12.82805968
6.889	12.83033492
6.89	12.83261005
6.891	12.83488505
6.892	12.83715993
6.893	12.8394347
6.894	12.84170934
6.895	12.84398387
6.896	12.84625828
6.897	12.84853256
6.898	12.85080673
6.899	12.85308078
6.9	12.85535471
6.901	12.85762852
6.902	12.85990221
6.903	12.86217578
6.904	12.86444924
6.905	12.86672257
6.906	12.86899579
6.907	12.87126888
6.908	12.87354186
6.909	12.87581472
6.91	12.87808746
6.911	12.88036009
6.912	12.88263259
6.913	12.88490498
6.914	12.88717725
6.915	12.8894494
6.916	12.89172143
6.917	12.89399334
6.918	12.89626514
6.919	12.89853682
6.92	12.90080838
6.921	12.90307982
6.922	12.90535114
6.923	12.90762235
6.924	12.90989344
6.925	12.91216441
6.926	12.91443527
6.927	12.91670601
6.928	12.91897663
6.929	12.92124713
6.93	12.92351752
6.931	12.92578779
6.932	12.92805794
6.933	12.93032797
6.934	12.93259789
6.935	12.93486769
6.936	12.93713738
6.937	12.93940695
6.938	12.9416764
6.939	12.94394573
6.94	12.94621495
6.941	12.94848405
6.942	12.95075304
6.943	12.95302191
6.944	12.95529066
6.945	12.9575593
6.946	12.95982782
6.947	12.96209623
6.948	12.96436452
6.949	12.96663269
6.95	12.96890075
6.951	12.97116869
6.952	12.97343652
6.953	12.97570423
6.954	12.97797182
6.955	12.9802393
6.956	12.98250667
6.957	12.98477392
6.958	12.98704105
6.959	12.98930807
6.96	12.99157498
6.961	12.99384176
6.962	12.99610844
6.963	12.998375
6.964	13.00064144
6.965	13.00290777
6.966	13.00517399
6.967	13.00744009
6.968	13.00970607
6.969	13.01197194
6.97	13.0142377
6.971	13.01650334
6.972	13.01876887
6.973	13.02103428
6.974	13.02329958
6.975	13.02556476
6.976	13.02782984
6.977	13.03009479
6.978	13.03235964
6.979	13.03462437
6.98	13.03688898
6.981	13.03915348
6.982	13.04141787
6.983	13.04368215
6.984	13.04594631
6.985	13.04821035
6.986	13.05047429
6.987	13.05273811
6.988	13.05500182
6.989	13.05726541
6.99	13.05952889
6.991	13.06179226
6.992	13.06405551
6.993	13.06631866
6.994	13.06858168
6.995	13.0708446
6.996	13.0731074
6.997	13.0753701
6.998	13.07763267
6.999	13.07989514
7	13.08215749
7.001	13.08441973
7.002	13.08668186
7.003	13.08894388
7.004	13.09120578
7.005	13.09346757
7.006	13.09572925
7.007	13.09799082
7.008	13.10025228
7.009	13.10251362
7.01	13.10477485
7.011	13.10703597
7.012	13.10929698
7.013	13.11155788
7.014	13.11381866
7.015	13.11607933
7.016	13.1183399
7.017	13.12060035
7.018	13.12286068
7.019	13.12512091
7.02	13.12738103
7.021	13.12964103
7.022	13.13190093
7.023	13.13416071
7.024	13.13642038
7.025	13.13867995
7.026	13.1409394
7.027	13.14319874
7.028	13.14545797
7.029	13.14771708
7.03	13.14997609
7.031	13.15223499
7.032	13.15449378
7.033	13.15675245
7.034	13.15901102
7.035	13.16126947
7.036	13.16352782
7.037	13.16578605
7.038	13.16804418
7.039	13.1703022
7.04	13.1725601
7.041	13.1748179
7.042	13.17707558
7.043	13.17933316
7.044	13.18159062
7.045	13.18384798
7.046	13.18610523
7.047	13.18836236
7.048	13.19061939
7.049	13.19287631
7.05	13.19513312
7.051	13.19738982
7.052	13.19964641
7.053	13.20190289
7.054	13.20415926
7.055	13.20641553
7.056	13.20867168
7.057	13.21092773
7.058	13.21318366
7.059	13.21543949
7.06	13.21769521
7.061	13.21995082
7.062	13.22220632
7.063	13.22446172
7.064	13.226717
7.065	13.22897218
7.066	13.23122725
7.067	13.2334822
7.068	13.23573706
7.069	13.2379918
7.07	13.24024643
7.071	13.24250096
7.072	13.24475538
7.073	13.24700969
7.074	13.2492639
7.075	13.25151799
7.076	13.25377198
7.077	13.25602586
7.078	13.25827963
7.079	13.2605333
7.08	13.26278685
7.081	13.2650403
7.082	13.26729365
7.083	13.26954688
7.084	13.27180001
7.085	13.27405303
7.086	13.27630595
7.087	13.27855875
7.088	13.28081145
7.089	13.28306404
7.09	13.28531653
7.091	13.28756891
7.092	13.28982118
7.093	13.29207335
7.094	13.29432541
7.095	13.29657736
7.096	13.2988292
7.097	13.30108094
7.098	13.30333258
7.099	13.3055841
7.1	13.30783552
7.101	13.31008684
7.102	13.31233804
7.103	13.31458915
7.104	13.31684014
7.105	13.31909103
7.106	13.32134181
7.107	13.32359249
7.108	13.32584306
7.109	13.32809353
7.11	13.33034389
7.111	13.33259415
7.112	13.3348443
7.113	13.33709434
7.114	13.33934428
7.115	13.34159411
7.116	13.34384384
7.117	13.34609346
7.118	13.34834298
7.119	13.35059239
7.12	13.3528417
7.121	13.3550909
7.122	13.35733999
7.123	13.35958899
7.124	13.36183787
7.125	13.36408666
7.126	13.36633533
7.127	13.36858391
7.128	13.37083237
7.129	13.37308074
7.13	13.375329
7.131	13.37757715
7.132	13.3798252
7.133	13.38207315
7.134	13.38432099
7.135	13.38656873
7.136	13.38881636
7.137	13.39106389
7.138	13.39331131
7.139	13.39555863
7.14	13.39780585
7.141	13.40005296
7.142	13.40229997
7.143	13.40454688
7.144	13.40679368
7.145	13.40904038
7.146	13.41128697
7.147	13.41353347
7.148	13.41577985
7.149	13.41802614
7.15	13.42027232
7.151	13.4225184
7.152	13.42476437
7.153	13.42701024
7.154	13.42925601
7.155	13.43150168
7.156	13.43374724
7.157	13.4359927
7.158	13.43823805
7.159	13.44048331
7.16	13.44272846
7.161	13.4449735
7.162	13.44721845
7.163	13.44946329
7.164	13.45170803
7.165	13.45395267
7.166	13.45619721
7.167	13.45844164
7.168	13.46068597
7.169	13.4629302
7.17	13.46517432
7.171	13.46741835
7.172	13.46966227
7.173	13.47190609
7.174	13.47414981
7.175	13.47639342
7.176	13.47863694
7.177	13.48088035
7.178	13.48312366
7.179	13.48536687
7.18	13.48760997
7.181	13.48985298
7.182	13.49209588
7.183	13.49433869
7.184	13.49658139
7.185	13.49882399
7.186	13.50106649
7.187	13.50330888
7.188	13.50555118
7.189	13.50779337
7.19	13.51003547
7.191	13.51227746
7.192	13.51451935
7.193	13.51676114
7.194	13.51900284
7.195	13.52124442
7.196	13.52348591
7.197	13.5257273
7.198	13.52796859
7.199	13.53020978
7.2	13.53245086
7.201	13.53469185
7.202	13.53693273
7.203	13.53917352
7.204	13.5414142
7.205	13.54365479
7.206	13.54589527
7.207	13.54813566
7.208	13.55037594
7.209	13.55261613
7.21	13.55485621
7.211	13.55709619
7.212	13.55933608
7.213	13.56157586
7.214	13.56381555
7.215	13.56605513
7.216	13.56829462
7.217	13.57053401
7.218	13.57277329
7.219	13.57501248
7.22	13.57725157
7.221	13.57949056
7.222	13.58172944
7.223	13.58396823
7.224	13.58620693
7.225	13.58844552
7.226	13.59068401
7.227	13.5929224
7.228	13.5951607
7.229	13.59739889
7.23	13.59963699
7.231	13.60187499
7.232	13.60411289
7.233	13.60635069
7.234	13.60858839
7.235	13.61082599
7.236	13.6130635
7.237	13.61530091
7.238	13.61753821
7.239	13.61977542
7.24	13.62201253
7.241	13.62424955
7.242	13.62648646
7.243	13.62872328
7.244	13.63096
7.245	13.63319662
7.246	13.63543314
7.247	13.63766957
7.248	13.63990589
7.249	13.64214212
7.25	13.64437825
7.251	13.64661429
7.252	13.64885022
7.253	13.65108606
7.254	13.6533218
7.255	13.65555745
7.256	13.65779299
7.257	13.66002844
7.258	13.66226379
7.259	13.66449904
7.26	13.6667342
7.261	13.66896926
7.262	13.67120422
7.263	13.67343909
7.264	13.67567386
7.265	13.67790853
7.266	13.6801431
7.267	13.68237758
7.268	13.68461196
7.269	13.68684624
7.27	13.68908043
7.271	13.69131452
7.272	13.69354852
7.273	13.69578241
7.274	13.69801622
7.275	13.70024992
7.276	13.70248353
7.277	13.70471704
7.278	13.70695046
7.279	13.70918378
7.28	13.711417
7.281	13.71365013
7.282	13.71588316
7.283	13.71811609
7.284	13.72034893
7.285	13.72258167
7.286	13.72481432
7.287	13.72704687
7.288	13.72927933
7.289	13.73151169
7.29	13.73374395
7.291	13.73597612
7.292	13.7382082
7.293	13.74044017
7.294	13.74267206
7.295	13.74490384
7.296	13.74713554
7.297	13.74936713
7.298	13.75159863
7.299	13.75383004
7.3	13.75606135
7.301	13.75829257
7.302	13.76052369
7.303	13.76275471
7.304	13.76498565
7.305	13.76721648
7.306	13.76944722
7.307	13.77167787
7.308	13.77390842
7.309	13.77613888
7.31	13.77836924
7.311	13.78059951
7.312	13.78282969
7.313	13.78505976
7.314	13.78728975
7.315	13.78951964
7.316	13.79174944
7.317	13.79397914
7.318	13.79620875
7.319	13.79843826
7.32	13.80066768
7.321	13.80289701
7.322	13.80512624
7.323	13.80735538
7.324	13.80958442
7.325	13.81181337
7.326	13.81404223
7.327	13.81627099
7.328	13.81849966
7.329	13.82072823
7.33	13.82295672
7.331	13.8251851
7.332	13.8274134
7.333	13.8296416
7.334	13.83186971
7.335	13.83409772
7.336	13.83632565
7.337	13.83855347
7.338	13.84078121
7.339	13.84300885
7.34	13.8452364
7.341	13.84746386
7.342	13.84969122
7.343	13.85191849
7.344	13.85414567
7.345	13.85637275
7.346	13.85859974
7.347	13.86082664
7.348	13.86305345
7.349	13.86528016
7.35	13.86750678
7.351	13.86973331
7.352	13.87195975
7.353	13.87418609
7.354	13.87641234
7.355	13.8786385
7.356	13.88086457
7.357	13.88309054
7.358	13.88531643
7.359	13.88754222
7.36	13.88976792
7.361	13.89199352
7.362	13.89421904
7.363	13.89644446
7.364	13.89866979
7.365	13.90089503
7.366	13.90312018
7.367	13.90534523
7.368	13.9075702
7.369	13.90979507
7.37	13.91201985
7.371	13.91424454
7.372	13.91646914
7.373	13.91869364
7.374	13.92091806
7.375	13.92314238
7.376	13.92536662
7.377	13.92759076
7.378	13.92981481
7.379	13.93203877
7.38	13.93426263
7.381	13.93648641
7.382	13.9387101
7.383	13.94093369
7.384	13.9431572
7.385	13.94538061
7.386	13.94760393
7.387	13.94982717
7.388	13.95205031
7.389	13.95427336
7.39	13.95649632
7.391	13.95871919
7.392	13.96094197
7.393	13.96316466
7.394	13.96538725
7.395	13.96760976
7.396	13.96983218
7.397	13.97205451
7.398	13.97427675
7.399	13.97649889
7.4	13.97872095
7.401	13.98094292
7.402	13.9831648
7.403	13.98538658
7.404	13.98760828
7.405	13.98982989
7.406	13.99205141
7.407	13.99427283
7.408	13.99649417
7.409	13.99871542
7.41	14.00093658
7.411	14.00315765
7.412	14.00537863
7.413	14.00759952
7.414	14.00982032
7.415	14.01204103
7.416	14.01426166
7.417	14.01648219
7.418	14.01870264
7.419	14.02092299
7.42	14.02314326
7.421	14.02536343
7.422	14.02758352
7.423	14.02980352
7.424	14.03202343
7.425	14.03424325
7.426	14.03646298
7.427	14.03868263
7.428	14.04090218
7.429	14.04312165
7.43	14.04534103
7.431	14.04756032
7.432	14.04977952
7.433	14.05199863
7.434	14.05421765
7.435	14.05643659
7.436	14.05865543
7.437	14.06087419
7.438	14.06309286
7.439	14.06531145
7.44	14.06752994
7.441	14.06974835
7.442	14.07196666
7.443	14.07418489
7.444	14.07640304
7.445	14.07862109
7.446	14.08083906
7.447	14.08305693
7.448	14.08527472
7.449	14.08749243
7.45	14.08971004
7.451	14.09192757
7.452	14.09414501
7.453	14.09636236
7.454	14.09857963
7.455	14.1007968
7.456	14.10301389
7.457	14.1052309
7.458	14.10744781
7.459	14.10966464
7.46	14.11188138
7.461	14.11409804
7.462	14.1163146
7.463	14.11853108
7.464	14.12074747
7.465	14.12296378
7.466	14.12518
7.467	14.12739613
7.468	14.12961218
7.469	14.13182813
7.47	14.13404401
7.471	14.13625979
7.472	14.13847549
7.473	14.1406911
7.474	14.14290662
7.475	14.14512206
7.476	14.14733741
7.477	14.14955268
7.478	14.15176786
7.479	14.15398295
7.48	14.15619796
7.481	14.15841288
7.482	14.16062771
7.483	14.16284246
7.484	14.16505712
7.485	14.1672717
7.486	14.16948619
7.487	14.17170059
7.488	14.17391491
7.489	14.17612914
7.49	14.17834329
7.491	14.18055735
7.492	14.18277132
7.493	14.18498521
7.494	14.18719902
7.495	14.18941274
7.496	14.19162637
7.497	14.19383991
7.498	14.19605338
7.499	14.19826675
7.5	14.20048004
7.501	14.20269325
7.502	14.20490637
7.503	14.2071194
7.504	14.20933235
7.505	14.21154522
7.506	14.213758
7.507	14.21597069
7.508	14.2181833
7.509	14.22039582
7.51	14.22260826
7.511	14.22482062
7.512	14.22703289
7.513	14.22924507
7.514	14.23145717
7.515	14.23366919
7.516	14.23588112
7.517	14.23809297
7.518	14.24030473
7.519	14.24251641
7.52	14.244728
7.521	14.24693951
7.522	14.24915093
7.523	14.25136227
7.524	14.25357353
7.525	14.2557847
7.526	14.25799579
7.527	14.26020679
7.528	14.26241771
7.529	14.26462854
7.53	14.26683929
7.531	14.26904996
7.532	14.27126054
7.533	14.27347104
7.534	14.27568146
7.535	14.27789179
7.536	14.28010204
7.537	14.2823122
7.538	14.28452228
7.539	14.28673228
7.54	14.28894219
7.541	14.29115202
7.542	14.29336177
7.543	14.29557143
7.544	14.29778101
7.545	14.2999905
7.546	14.30219992
7.547	14.30440925
7.548	14.30661849
7.549	14.30882766
7.55	14.31103674
7.551	14.31324573
7.552	14.31545465
7.553	14.31766348
7.554	14.31987223
7.555	14.32208089
7.556	14.32428947
7.557	14.32649797
7.558	14.32870639
7.559	14.33091472
7.56	14.33312297
7.561	14.33533114
7.562	14.33753923
7.563	14.33974723
7.564	14.34195515
7.565	14.34416299
7.566	14.34637075
7.567	14.34857842
7.568	14.35078601
7.569	14.35299352
7.57	14.35520095
7.571	14.35740829
7.572	14.35961555
7.573	14.36182273
7.574	14.36402983
7.575	14.36623685
7.576	14.36844378
7.577	14.37065064
7.578	14.37285741
7.579	14.37506409
7.58	14.3772707
7.581	14.37947723
7.582	14.38168367
7.583	14.38389003
7.584	14.38609631
7.585	14.38830251
7.586	14.39050863
7.587	14.39271466
7.588	14.39492061
7.589	14.39712649
7.59	14.39933228
7.591	14.40153799
7.592	14.40374361
7.593	14.40594916
7.594	14.40815463
7.595	14.41036001
7.596	14.41256532
7.597	14.41477054
7.598	14.41697568
7.599	14.41918074
7.6	14.42138572
7.601	14.42359062
7.602	14.42579544
7.603	14.42800017
7.604	14.43020483
7.605	14.4324094
7.606	14.4346139
7.607	14.43681831
7.608	14.43902265
7.609	14.4412269
7.61	14.44343107
7.611	14.44563516
7.612	14.44783917
7.613	14.4500431
7.614	14.45224695
7.615	14.45445072
7.616	14.45665441
7.617	14.45885802
7.618	14.46106155
7.619	14.463265
7.62	14.46546837
7.621	14.46767166
7.622	14.46987487
7.623	14.472078
7.624	14.47428105
7.625	14.47648402
7.626	14.47868691
7.627	14.48088972
7.628	14.48309245
7.629	14.4852951
7.63	14.48749767
7.631	14.48970016
7.632	14.49190257
7.633	14.4941049
7.634	14.49630715
7.635	14.49850933
7.636	14.50071142
7.637	14.50291343
7.638	14.50511537
7.639	14.50731722
7.64	14.509519
7.641	14.51172069
7.642	14.51392231
7.643	14.51612385
7.644	14.51832531
7.645	14.52052669
7.646	14.52272799
7.647	14.52492921
7.648	14.52713036
7.649	14.52933142
7.65	14.53153241
7.651	14.53373331
7.652	14.53593414
7.653	14.53813489
7.654	14.54033556
7.655	14.54253615
7.656	14.54473666
7.657	14.5469371
7.658	14.54913745
7.659	14.55133773
7.66	14.55353793
7.661	14.55573805
7.662	14.55793809
7.663	14.56013806
7.664	14.56233794
7.665	14.56453775
7.666	14.56673748
7.667	14.56893713
7.668	14.5711367
7.669	14.5733362
7.67	14.57553562
7.671	14.57773495
7.672	14.57993422
7.673	14.5821334
7.674	14.5843325
7.675	14.58653153
7.676	14.58873048
7.677	14.59092935
7.678	14.59312815
7.679	14.59532686
7.68	14.5975255
7.681	14.59972406
7.682	14.60192255
7.683	14.60412095
7.684	14.60631928
7.685	14.60851753
7.686	14.6107157
7.687	14.6129138
7.688	14.61511182
7.689	14.61730976
7.69	14.61950763
7.691	14.62170541
7.692	14.62390312
7.693	14.62610076
7.694	14.62829831
7.695	14.63049579
7.696	14.63269319
7.697	14.63489052
7.698	14.63708777
7.699	14.63928494
7.7	14.64148203
7.701	14.64367905
7.702	14.64587599
7.703	14.64807286
7.704	14.65026964
7.705	14.65246635
7.706	14.65466299
7.707	14.65685955
7.708	14.65905603
7.709	14.66125243
7.71	14.66344876
7.711	14.66564501
7.712	14.66784119
7.713	14.67003729
7.714	14.67223331
7.715	14.67442926
7.716	14.67662513
7.717	14.67882092
7.718	14.68101664
7.719	14.68321228
7.72	14.68540785
7.721	14.68760334
7.722	14.68979875
7.723	14.69199409
7.724	14.69418935
7.725	14.69638454
7.726	14.69857965
7.727	14.70077469
7.728	14.70296965
7.729	14.70516453
7.73	14.70735934
7.731	14.70955407
7.732	14.71174873
7.733	14.71394331
7.734	14.71613781
7.735	14.71833224
7.736	14.7205266
7.737	14.72272088
7.738	14.72491508
7.739	14.72710921
7.74	14.72930327
7.741	14.73149724
7.742	14.73369115
7.743	14.73588498
7.744	14.73807873
7.745	14.74027241
7.746	14.74246601
7.747	14.74465954
7.748	14.74685299
7.749	14.74904637
7.75	14.75123967
7.751	14.7534329
7.752	14.75562605
7.753	14.75781913
7.754	14.76001214
7.755	14.76220507
7.756	14.76439792
7.757	14.7665907
7.758	14.76878341
7.759	14.77097604
7.76	14.7731686
7.761	14.77536108
7.762	14.77755349
7.763	14.77974582
7.764	14.78193808
7.765	14.78413026
7.766	14.78632237
7.767	14.78851441
7.768	14.79070637
7.769	14.79289826
7.77	14.79509008
7.771	14.79728182
7.772	14.79947348
7.773	14.80166507
7.774	14.80385659
7.775	14.80604804
7.776	14.80823941
7.777	14.8104307
7.778	14.81262193
7.779	14.81481307
7.78	14.81700415
7.781	14.81919515
7.782	14.82138608
7.783	14.82357693
7.784	14.82576771
7.785	14.82795842
7.786	14.83014905
7.787	14.83233961
7.788	14.8345301
7.789	14.83672052
7.79	14.83891086
7.791	14.84110112
7.792	14.84329132
7.793	14.84548144
7.794	14.84767148
7.795	14.84986146
7.796	14.85205136
7.797	14.85424119
7.798	14.85643094
7.799	14.85862062
7.8	14.86081023
7.801	14.86299977
7.802	14.86518923
7.803	14.86737862
7.804	14.86956794
7.805	14.87175718
7.806	14.87394635
7.807	14.87613545
7.808	14.87832448
7.809	14.88051343
7.81	14.88270231
7.811	14.88489112
7.812	14.88707986
7.813	14.88926852
7.814	14.89145711
7.815	14.89364563
7.816	14.89583408
7.817	14.89802245
7.818	14.90021075
7.819	14.90239898
7.82	14.90458714
7.821	14.90677523
7.822	14.90896324
7.823	14.91115118
7.824	14.91333905
7.825	14.91552685
7.826	14.91771457
7.827	14.91990222
7.828	14.9220898
7.829	14.92427731
7.83	14.92646475
7.831	14.92865212
7.832	14.93083941
7.833	14.93302663
7.834	14.93521378
7.835	14.93740086
7.836	14.93958787
7.837	14.9417748
7.838	14.94396167
7.839	14.94614846
7.84	14.94833518
7.841	14.95052183
7.842	14.9527084
7.843	14.95489491
7.844	14.95708135
7.845	14.95926771
7.846	14.961454
7.847	14.96364022
7.848	14.96582637
7.849	14.96801245
7.85	14.97019846
7.851	14.9723844
7.852	14.97457026
7.853	14.97675606
7.854	14.97894178
7.855	14.98112743
7.856	14.98331302
7.857	14.98549853
7.858	14.98768397
7.859	14.98986934
7.86	14.99205463
7.861	14.99423986
7.862	14.99642502
7.863	14.99861011
7.864	15.00079512
7.865	15.00298007
7.866	15.00516494
7.867	15.00734975
7.868	15.00953448
7.869	15.01171914
7.87	15.01390374
7.871	15.01608826
7.872	15.01827271
7.873	15.02045709
7.874	15.0226414
7.875	15.02482565
7.876	15.02700982
7.877	15.02919392
7.878	15.03137795
7.879	15.03356191
7.88	15.0357458
7.881	15.03792962
7.882	15.04011337
7.883	15.04229705
7.884	15.04448066
7.885	15.04666421
7.886	15.04884768
7.887	15.05103108
7.888	15.05321441
7.889	15.05539767
7.89	15.05758087
7.891	15.05976399
7.892	15.06194704
7.893	15.06413002
7.894	15.06631294
7.895	15.06849578
7.896	15.07067856
7.897	15.07286126
7.898	15.0750439
7.899	15.07722647
7.9	15.07940896
7.901	15.08159139
7.902	15.08377375
7.903	15.08595604
7.904	15.08813826
7.905	15.09032041
7.906	15.09250249
7.907	15.09468451
7.908	15.09686645
7.909	15.09904833
7.91	15.10123013
7.911	15.10341187
7.912	15.10559354
7.913	15.10777514
7.914	15.10995667
7.915	15.11213813
7.916	15.11431952
7.917	15.11650085
7.918	15.1186821
7.919	15.12086329
7.92	15.12304441
7.921	15.12522545
7.922	15.12740644
7.923	15.12958735
7.924	15.13176819
7.925	15.13394897
7.926	15.13612967
7.927	15.13831031
7.928	15.14049088
7.929	15.14267138
7.93	15.14485182
7.931	15.14703218
7.932	15.14921248
7.933	15.15139271
7.934	15.15357287
7.935	15.15575296
7.936	15.15793299
7.937	15.16011294
7.938	15.16229283
7.939	15.16447265
7.94	15.1666524
7.941	15.16883209
7.942	15.17101171
7.943	15.17319125
7.944	15.17537073
7.945	15.17755015
7.946	15.17972949
7.947	15.18190877
7.948	15.18408798
7.949	15.18626712
7.95	15.1884462
7.951	15.19062521
7.952	15.19280415
7.953	15.19498302
7.954	15.19716182
7.955	15.19934056
7.956	15.20151923
7.957	15.20369783
7.958	15.20587637
7.959	15.20805484
7.96	15.21023324
7.961	15.21241157
7.962	15.21458984
7.963	15.21676803
7.964	15.21894617
7.965	15.22112423
7.966	15.22330223
7.967	15.22548016
7.968	15.22765802
7.969	15.22983582
7.97	15.23201355
7.971	15.23419121
7.972	15.23636881
7.973	15.23854634
7.974	15.2407238
7.975	15.2429012
7.976	15.24507852
7.977	15.24725579
7.978	15.24943298
7.979	15.25161011
7.98	15.25378717
7.981	15.25596417
7.982	15.2581411
7.983	15.26031796
7.984	15.26249476
7.985	15.26467149
7.986	15.26684815
7.987	15.26902475
7.988	15.27120128
7.989	15.27337774
7.99	15.27555414
7.991	15.27773047
7.992	15.27990674
7.993	15.28208294
7.994	15.28425907
7.995	15.28643514
7.996	15.28861114
7.997	15.29078707
7.998	15.29296294
7.999	15.29513875
8	15.29731448