2.001	2.719639139
2.002	2.720998958
2.003	2.722359456
2.004	2.723720634
2.005	2.725082493
2.006	2.726445032
2.007	2.727808253
2.008	2.729172155
2.009	2.730536739
2.01	2.731902005
2.011	2.733267953
2.012	2.734634584
2.013	2.736001899
2.014	2.737369896
2.015	2.738738578
2.016	2.740107944
2.017	2.741477994
2.018	2.742848729
2.019	2.74422015
2.02	2.745592256
2.021	2.746965047
2.022	2.748338525
2.023	2.74971269
2.024	2.751087541
2.025	2.75246308
2.026	2.753839307
2.027	2.755216221
2.028	2.756593823
2.029	2.757972115
2.03	2.759351095
2.031	2.760730764
2.032	2.762111123
2.033	2.763492173
2.034	2.764873912
2.035	2.766256342
2.036	2.767639463
2.037	2.769023276
2.038	2.77040778
2.039	2.771792977
2.04	2.773178866
2.041	2.774565447
2.042	2.775952722
2.043	2.77734069
2.044	2.778729352
2.045	2.780118709
2.046	2.781508759
2.047	2.782899505
2.048	2.784290946
2.049	2.785683082
2.05	2.787075914
2.051	2.788469443
2.052	2.789863668
2.053	2.791258589
2.054	2.792654209
2.055	2.794050526
2.056	2.79544754
2.057	2.796845254
2.058	2.798243665
2.059	2.799642776
2.06	2.801042587
2.061	2.802443097
2.062	2.803844307
2.063	2.805246217
2.064	2.806648829
2.065	2.808052141
2.066	2.809456155
2.067	2.810860871
2.068	2.812266289
2.069	2.813672409
2.07	2.815079232
2.071	2.816486759
2.072	2.817894989
2.073	2.819303923
2.074	2.820713562
2.075	2.822123905
2.076	2.823534953
2.077	2.824946706
2.078	2.826359165
2.079	2.82777233
2.08	2.829186202
2.081	2.83060078
2.082	2.832016065
2.083	2.833432058
2.084	2.834848759
2.085	2.836266168
2.086	2.837684285
2.087	2.839103111
2.088	2.840522647
2.089	2.841942892
2.09	2.843363847
2.091	2.844785512
2.092	2.846207888
2.093	2.847630975
2.094	2.849054774
2.095	2.850479284
2.096	2.851904506
2.097	2.853330441
2.098	2.854757088
2.099	2.856184448
2.1	2.857612522
2.101	2.85904131
2.102	2.860470812
2.103	2.861901029
2.104	2.863331961
2.105	2.864763608
2.106	2.86619597
2.107	2.867629049
2.108	2.869062844
2.109	2.870497355
2.11	2.871932584
2.111	2.87336853
2.112	2.874805194
2.113	2.876242576
2.114	2.877680677
2.115	2.879119496
2.116	2.880559035
2.117	2.881999293
2.118	2.883440271
2.119	2.88488197
2.12	2.886324389
2.121	2.887767529
2.122	2.889211391
2.123	2.890655974
2.124	2.892101279
2.125	2.893547307
2.126	2.894994058
2.127	2.896441532
2.128	2.89788973
2.129	2.899338651
2.13	2.900788297
2.131	2.902238667
2.132	2.903689762
2.133	2.905141583
2.134	2.90659413
2.135	2.908047402
2.136	2.909501401
2.137	2.910956127
2.138	2.91241158
2.139	2.91386776
2.14	2.915324669
2.141	2.916782306
2.142	2.918240671
2.143	2.919699765
2.144	2.921159589
2.145	2.922620142
2.146	2.924081426
2.147	2.92554344
2.148	2.927006185
2.149	2.928469661
2.15	2.929933868
2.151	2.931398808
2.152	2.93286448
2.153	2.934330884
2.154	2.935798021
2.155	2.937265892
2.156	2.938734497
2.157	2.940203836
2.158	2.941673909
2.159	2.943144717
2.16	2.94461626
2.161	2.946088539
2.162	2.947561554
2.163	2.949035305
2.164	2.950509792
2.165	2.951985017
2.166	2.95346098
2.167	2.95493768
2.168	2.956415118
2.169	2.957893295
2.17	2.95937221
2.171	2.960851865
2.172	2.96233226
2.173	2.963813395
2.174	2.96529527
2.175	2.966777885
2.176	2.968261242
2.177	2.96974534
2.178	2.971230181
2.179	2.972715763
2.18	2.974202088
2.181	2.975689156
2.182	2.977176968
2.183	2.978665523
2.184	2.980154822
2.185	2.981644865
2.186	2.983135654
2.187	2.984627188
2.188	2.986119467
2.189	2.987612492
2.19	2.989106264
2.191	2.990600782
2.192	2.992096047
2.193	2.99359206
2.194	2.995088821
2.195	2.996586329
2.196	2.998084587
2.197	2.999583593
2.198	3.001083348
2.199	3.002583854
2.2	3.004085109
2.201	3.005587115
2.202	3.007089871
2.203	3.008593379
2.204	3.010097639
2.205	3.01160265
2.206	3.013108413
2.207	3.01461493
2.208	3.016122199
2.209	3.017630222
2.21	3.019138999
2.211	3.020648529
2.212	3.022158815
2.213	3.023669855
2.214	3.025181651
2.215	3.026694202
2.216	3.02820751
2.217	3.029721574
2.218	3.031236394
2.219	3.032751972
2.22	3.034268308
2.221	3.035785402
2.222	3.037303253
2.223	3.038821864
2.224	3.040341234
2.225	3.041861363
2.226	3.043382252
2.227	3.044903902
2.228	3.046426312
2.229	3.047949483
2.23	3.049473415
2.231	3.050998109
2.232	3.052523566
2.233	3.054049785
2.234	3.055576767
2.235	3.057104512
2.236	3.05863302
2.237	3.060162293
2.238	3.061692331
2.239	3.063223133
2.24	3.0647547
2.241	3.066287033
2.242	3.067820132
2.243	3.069353997
2.244	3.070888629
2.245	3.072424028
2.246	3.073960195
2.247	3.075497129
2.248	3.077034832
2.249	3.078573304
2.25	3.080112544
2.251	3.081652554
2.252	3.083193334
2.253	3.084734884
2.254	3.086277204
2.255	3.087820296
2.256	3.089364159
2.257	3.090908793
2.258	3.0924542
2.259	3.094000379
2.26	3.095547331
2.261	3.097095056
2.262	3.098643555
2.263	3.100192829
2.264	3.101742876
2.265	3.103293698
2.266	3.104845296
2.267	3.106397669
2.268	3.107950818
2.269	3.109504744
2.27	3.111059446
2.271	3.112614926
2.272	3.114171183
2.273	3.115728218
2.274	3.117286031
2.275	3.118844623
2.276	3.120403994
2.277	3.121964144
2.278	3.123525075
2.279	3.125086786
2.28	3.126649277
2.281	3.128212549
2.282	3.129776603
2.283	3.131341439
2.284	3.132907057
2.285	3.134473457
2.286	3.136040641
2.287	3.137608608
2.288	3.139177358
2.289	3.140746893
2.29	3.142317213
2.291	3.143888317
2.292	3.145460207
2.293	3.147032882
2.294	3.148606344
2.295	3.150180592
2.296	3.151755627
2.297	3.15333145
2.298	3.15490806
2.299	3.156485458
2.3	3.158063645
2.301	3.15964262
2.302	3.161222385
2.303	3.16280294
2.304	3.164384284
2.305	3.16596642
2.306	3.167549346
2.307	3.169133063
2.308	3.170717572
2.309	3.172302873
2.31	3.173888966
2.311	3.175475853
2.312	3.177063532
2.313	3.178652005
2.314	3.180241272
2.315	3.181831334
2.316	3.18342219
2.317	3.185013842
2.318	3.186606289
2.319	3.188199533
2.32	3.189793573
2.321	3.191388409
2.322	3.192984043
2.323	3.194580474
2.324	3.196177704
2.325	3.197775732
2.326	3.199374558
2.327	3.200974184
2.328	3.20257461
2.329	3.204175835
2.33	3.205777861
2.331	3.207380688
2.332	3.208984315
2.333	3.210588745
2.334	3.212193976
2.335	3.21380001
2.336	3.215406847
2.337	3.217014487
2.338	3.218622931
2.339	3.220232178
2.34	3.22184223
2.341	3.223453087
2.342	3.225064749
2.343	3.226677217
2.344	3.228290491
2.345	3.229904571
2.346	3.231519458
2.347	3.233135152
2.348	3.234751654
2.349	3.236368964
2.35	3.237987082
2.351	3.239606009
2.352	3.241225746
2.353	3.242846292
2.354	3.244467648
2.355	3.246089815
2.356	3.247712792
2.357	3.249336581
2.358	3.250961182
2.359	3.252586594
2.36	3.25421282
2.361	3.255839858
2.362	3.257467709
2.363	3.259096374
2.364	3.260725853
2.365	3.262356147
2.366	3.263987256
2.367	3.26561918
2.368	3.267251919
2.369	3.268885475
2.37	3.270519848
2.371	3.272155037
2.372	3.273791044
2.373	3.275427869
2.374	3.277065512
2.375	3.278703973
2.376	3.280343254
2.377	3.281983353
2.378	3.283624273
2.379	3.285266013
2.38	3.286908574
2.381	3.288551956
2.382	3.290196159
2.383	3.291841184
2.384	3.293487031
2.385	3.295133702
2.386	3.296781195
2.387	3.298429512
2.388	3.300078652
2.389	3.301728618
2.39	3.303379407
2.391	3.305031023
2.392	3.306683463
2.393	3.30833673
2.394	3.309990823
2.395	3.311645743
2.396	3.31330149
2.397	3.314958065
2.398	3.316615468
2.399	3.318273699
2.4	3.31993276
2.401	3.321592649
2.402	3.323253369
2.403	3.324914918
2.404	3.326577298
2.405	3.328240509
2.406	3.329904552
2.407	3.331569426
2.408	3.333235133
2.409	3.334901672
2.41	3.336569044
2.411	3.33823725
2.412	3.339906289
2.413	3.341576163
2.414	3.343246872
2.415	3.344918415
2.416	3.346590795
2.417	3.34826401
2.418	3.349938062
2.419	3.35161295
2.42	3.353288676
2.421	3.354965239
2.422	3.356642641
2.423	3.358320881
2.424	3.359999959
2.425	3.361679878
2.426	3.363360635
2.427	3.365042233
2.428	3.366724672
2.429	3.368407952
2.43	3.370092073
2.431	3.371777036
2.432	3.373462841
2.433	3.375149489
2.434	3.37683698
2.435	3.378525314
2.436	3.380214493
2.437	3.381904516
2.438	3.383595383
2.439	3.385287096
2.44	3.386979655
2.441	3.388673059
2.442	3.39036731
2.443	3.392062408
2.444	3.393758353
2.445	3.395455146
2.446	3.397152788
2.447	3.398851277
2.448	3.400550616
2.449	3.402250805
2.45	3.403951843
2.451	3.405653731
2.452	3.40735647
2.453	3.409060061
2.454	3.410764503
2.455	3.412469797
2.456	3.414175943
2.457	3.415882942
2.458	3.417590795
2.459	3.419299501
2.46	3.421009061
2.461	3.422719476
2.462	3.424430746
2.463	3.426142871
2.464	3.427855853
2.465	3.42956969
2.466	3.431284384
2.467	3.432999935
2.468	3.434716344
2.469	3.436433611
2.47	3.438151736
2.471	3.43987072
2.472	3.441590564
2.473	3.443311267
2.474	3.44503283
2.475	3.446755254
2.476	3.448478538
2.477	3.450202684
2.478	3.451927692
2.479	3.453653563
2.48	3.455380296
2.481	3.457107892
2.482	3.458836351
2.483	3.460565675
2.484	3.462295863
2.485	3.464026916
2.486	3.465758835
2.487	3.467491619
2.488	3.469225269
2.489	3.470959786
2.49	3.47269517
2.491	3.474431421
2.492	3.47616854
2.493	3.477906528
2.494	3.479645384
2.495	3.48138511
2.496	3.483125705
2.497	3.48486717
2.498	3.486609506
2.499	3.488352713
2.5	3.490096791
2.501	3.491841741
2.502	3.493587563
2.503	3.495334258
2.504	3.497081826
2.505	3.498830268
2.506	3.500579583
2.507	3.502329773
2.508	3.504080838
2.509	3.505832778
2.51	3.507585594
2.511	3.509339286
2.512	3.511093855
2.513	3.512849301
2.514	3.514605624
2.515	3.516362825
2.516	3.518120905
2.517	3.519879863
2.518	3.521639701
2.519	3.523400418
2.52	3.525162016
2.521	3.526924494
2.522	3.528687853
2.523	3.530452093
2.524	3.532217216
2.525	3.53398322
2.526	3.535750108
2.527	3.537517879
2.528	3.539286533
2.529	3.541056071
2.53	3.542826494
2.531	3.544597802
2.532	3.546369996
2.533	3.548143075
2.534	3.549917041
2.535	3.551691893
2.536	3.553467633
2.537	3.55524426
2.538	3.557021775
2.539	3.558800179
2.54	3.560579472
2.541	3.562359654
2.542	3.564140726
2.543	3.565922689
2.544	3.567705542
2.545	3.569489286
2.546	3.571273922
2.547	3.57305945
2.548	3.574845871
2.549	3.576633184
2.55	3.578421391
2.551	3.580210492
2.552	3.582000488
2.553	3.583791377
2.554	3.585583163
2.555	3.587375844
2.556	3.589169421
2.557	3.590963894
2.558	3.592759265
2.559	3.594555533
2.56	3.596352698
2.561	3.598150763
2.562	3.599949726
2.563	3.601749588
2.564	3.60355035
2.565	3.605352012
2.566	3.607154575
2.567	3.608958039
2.568	3.610762404
2.569	3.612567671
2.57	3.614373841
2.571	3.616180913
2.572	3.617988889
2.573	3.619797769
2.574	3.621607552
2.575	3.623418241
2.576	3.625229834
2.577	3.627042333
2.578	3.628855738
2.579	3.63067005
2.58	3.632485268
2.581	3.634301394
2.582	3.636118428
2.583	3.63793637
2.584	3.639755221
2.585	3.641574981
2.586	3.64339565
2.587	3.64521723
2.588	3.64703972
2.589	3.648863121
2.59	3.650687434
2.591	3.652512658
2.592	3.654338795
2.593	3.656165845
2.594	3.657993808
2.595	3.659822685
2.596	3.661652476
2.597	3.663483182
2.598	3.665314803
2.599	3.667147339
2.6	3.668980792
2.601	3.67081516
2.602	3.672650446
2.603	3.67448665
2.604	3.676323771
2.605	3.67816181
2.606	3.680000768
2.607	3.681840646
2.608	3.683681443
2.609	3.68552316
2.61	3.687365798
2.611	3.689209357
2.612	3.691053838
2.613	3.69289924
2.614	3.694745566
2.615	3.696592813
2.616	3.698440985
2.617	3.70029008
2.618	3.7021401
2.619	3.703991044
2.62	3.705842913
2.621	3.707695709
2.622	3.70954943
2.623	3.711404078
2.624	3.713259653
2.625	3.715116156
2.626	3.716973586
2.627	3.718831945
2.628	3.720691233
2.629	3.722551451
2.63	3.724412598
2.631	3.726274676
2.632	3.728137684
2.633	3.730001624
2.634	3.731866495
2.635	3.733732299
2.636	3.735599035
2.637	3.737466705
2.638	3.739335308
2.639	3.741204845
2.64	3.743075316
2.641	3.744946723
2.642	3.746819065
2.643	3.748692343
2.644	3.750566557
2.645	3.752441708
2.646	3.754317797
2.647	3.756194823
2.648	3.758072788
2.649	3.759951691
2.65	3.761831534
2.651	3.763712316
2.652	3.765594039
2.653	3.767476702
2.654	3.769360306
2.655	3.771244851
2.656	3.773130339
2.657	3.775016769
2.658	3.776904142
2.659	3.778792459
2.66	3.78068172
2.661	3.782571924
2.662	3.784463074
2.663	3.786355169
2.664	3.78824821
2.665	3.790142197
2.666	3.792037131
2.667	3.793933012
2.668	3.795829841
2.669	3.797727618
2.67	3.799626344
2.671	3.801526019
2.672	3.803426643
2.673	3.805328217
2.674	3.807230742
2.675	3.809134218
2.676	3.811038646
2.677	3.812944025
2.678	3.814850357
2.679	3.816757642
2.68	3.81866588
2.681	3.820575072
2.682	3.822485218
2.683	3.82439632
2.684	3.826308376
2.685	3.828221388
2.686	3.830135357
2.687	3.832050282
2.688	3.833966165
2.689	3.835883005
2.69	3.837800803
2.691	3.83971956
2.692	3.841639276
2.693	3.843559952
2.694	3.845481588
2.695	3.847404184
2.696	3.849327742
2.697	3.851252261
2.698	3.853177742
2.699	3.855104185
2.7	3.857031592
2.701	3.858959962
2.702	3.860889295
2.703	3.862819594
2.704	3.864750857
2.705	3.866683085
2.706	3.86861628
2.707	3.870550441
2.708	3.872485568
2.709	3.874421663
2.71	3.876358726
2.711	3.878296757
2.712	3.880235756
2.713	3.882175725
2.714	3.884116664
2.715	3.886058573
2.716	3.888001452
2.717	3.889945303
2.718	3.891890126
2.719	3.89383592
2.72	3.895782688
2.721	3.897730428
2.722	3.899679142
2.723	3.90162883
2.724	3.903579493
2.725	3.905531131
2.726	3.907483744
2.727	3.909437333
2.728	3.911391899
2.729	3.913347442
2.73	3.915303963
2.731	3.917261461
2.732	3.919219938
2.733	3.921179394
2.734	3.923139829
2.735	3.925101245
2.736	3.927063641
2.737	3.929027017
2.738	3.930991376
2.739	3.932956716
2.74	3.934923038
2.741	3.936890344
2.742	3.938858633
2.743	3.940827905
2.744	3.942798162
2.745	3.944769404
2.746	3.946741632
2.747	3.948714845
2.748	3.950689045
2.749	3.952664231
2.75	3.954640405
2.751	3.956617566
2.752	3.958595716
2.753	3.960574855
2.754	3.962554983
2.755	3.964536101
2.756	3.966518209
2.757	3.968501308
2.758	3.970485398
2.759	3.97247048
2.76	3.974456554
2.761	3.976443621
2.762	3.978431681
2.763	3.980420735
2.764	3.982410784
2.765	3.984401827
2.766	3.986393865
2.767	3.988386899
2.768	3.99038093
2.769	3.992375957
2.77	3.994371981
2.771	3.996369003
2.772	3.998367024
2.773	4.000366043
2.774	4.002366061
2.775	4.004367079
2.776	4.006369098
2.777	4.008372117
2.778	4.010376137
2.779	4.012381159
2.78	4.014387184
2.781	4.016394211
2.782	4.018402241
2.783	4.020411275
2.784	4.022421313
2.785	4.024432357
2.786	4.026444405
2.787	4.028457459
2.788	4.030471519
2.789	4.032486587
2.79	4.034502661
2.791	4.036519743
2.792	4.038537834
2.793	4.040556933
2.794	4.042577041
2.795	4.04459816
2.796	4.046620288
2.797	4.048643428
2.798	4.050667579
2.799	4.052692741
2.8	4.054718916
2.801	4.056746104
2.802	4.058774305
2.803	4.060803519
2.804	4.062833749
2.805	4.064864993
2.806	4.066897252
2.807	4.068930527
2.808	4.070964819
2.809	4.073000127
2.81	4.075036453
2.811	4.077073797
2.812	4.079112159
2.813	4.08115154
2.814	4.083191941
2.815	4.085233361
2.816	4.087275802
2.817	4.089319264
2.818	4.091363747
2.819	4.093409252
2.82	4.09545578
2.821	4.097503331
2.822	4.099551905
2.823	4.101601503
2.824	4.103652126
2.825	4.105703774
2.826	4.107756447
2.827	4.109810147
2.828	4.111864873
2.829	4.113920626
2.83	4.115977406
2.831	4.118035215
2.832	4.120094053
2.833	4.122153919
2.834	4.124214816
2.835	4.126276742
2.836	4.128339699
2.837	4.130403688
2.838	4.132468708
2.839	4.13453476
2.84	4.136601845
2.841	4.138669963
2.842	4.140739115
2.843	4.142809302
2.844	4.144880523
2.845	4.14695278
2.846	4.149026072
2.847	4.151100401
2.848	4.153175767
2.849	4.15525217
2.85	4.157329611
2.851	4.15940809
2.852	4.161487609
2.853	4.163568167
2.854	4.165649765
2.855	4.167732403
2.856	4.169816082
2.857	4.171900804
2.858	4.173986567
2.859	4.176073372
2.86	4.178161221
2.861	4.180250114
2.862	4.18234005
2.863	4.184431032
2.864	4.186523058
2.865	4.188616131
2.866	4.190710249
2.867	4.192805415
2.868	4.194901627
2.869	4.196998888
2.87	4.199097197
2.871	4.201196555
2.872	4.203296962
2.873	4.205398419
2.874	4.207500926
2.875	4.209604485
2.876	4.211709095
2.877	4.213814757
2.878	4.215921471
2.879	4.218029239
2.88	4.22013806
2.881	4.222247936
2.882	4.224358866
2.883	4.226470851
2.884	4.228583892
2.885	4.230697989
2.886	4.232813143
2.887	4.234929354
2.888	4.237046623
2.889	4.239164951
2.89	4.241284337
2.891	4.243404783
2.892	4.245526288
2.893	4.247648854
2.894	4.249772481
2.895	4.25189717
2.896	4.254022921
2.897	4.256149734
2.898	4.258277611
2.899	4.260406551
2.9	4.262536555
2.901	4.264667624
2.902	4.266799758
2.903	4.268932958
2.904	4.271067225
2.905	4.273202558
2.906	4.275338958
2.907	4.277476427
2.908	4.279614964
2.909	4.28175457
2.91	4.283895245
2.911	4.286036991
2.912	4.288179807
2.913	4.290323694
2.914	4.292468653
2.915	4.294614684
2.916	4.296761788
2.917	4.298909965
2.918	4.301059216
2.919	4.303209541
2.92	4.305360941
2.921	4.307513416
2.922	4.309666968
2.923	4.311821596
2.924	4.313977301
2.925	4.316134083
2.926	4.318291944
2.927	4.320450883
2.928	4.322610902
2.929	4.324772
2.93	4.326934178
2.931	4.329097437
2.932	4.331261778
2.933	4.3334272
2.934	4.335593705
2.935	4.337761293
2.936	4.339929964
2.937	4.34209972
2.938	4.34427056
2.939	4.346442485
2.94	4.348615496
2.941	4.350789593
2.942	4.352964777
2.943	4.355141048
2.944	4.357318406
2.945	4.359496854
2.946	4.36167639
2.947	4.363857016
2.948	4.366038731
2.949	4.368221538
2.95	4.370405435
2.951	4.372590424
2.952	4.374776505
2.953	4.376963679
2.954	4.379151947
2.955	4.381341308
2.956	4.383531763
2.957	4.385723314
2.958	4.38791596
2.959	4.390109702
2.96	4.39230454
2.961	4.394500476
2.962	4.396697509
2.963	4.398895641
2.964	4.401094871
2.965	4.403295201
2.966	4.405496631
2.967	4.407699161
2.968	4.409902791
2.969	4.412107524
2.97	4.414313358
2.971	4.416520296
2.972	4.418728336
2.973	4.42093748
2.974	4.423147728
2.975	4.425359081
2.976	4.42757154
2.977	4.429785104
2.978	4.431999775
2.979	4.434215553
2.98	4.436432439
2.981	4.438650433
2.982	4.440869535
2.983	4.443089747
2.984	4.445311068
2.985	4.4475335
2.986	4.449757043
2.987	4.451981697
2.988	4.454207463
2.989	4.456434342
2.99	4.458662334
2.991	4.46089144
2.992	4.46312166
2.993	4.465352995
2.994	4.467585445
2.995	4.469819011
2.996	4.472053693
2.997	4.474289493
2.998	4.47652641
2.999	4.478764445
3	4.4810036
3.001	4.483243873
3.002	4.485485266
3.003	4.48772778
3.004	4.489971414
3.005	4.49221617
3.006	4.494462048
3.007	4.496709049
3.008	4.498957173
3.009	4.501206421
3.01	4.503456793
3.011	4.50570829
3.012	4.507960912
3.013	4.51021466
3.014	4.512469535
3.015	4.514725537
3.016	4.516982667
3.017	4.519240925
3.018	4.521500312
3.019	4.523760828
3.02	4.526022474
3.021	4.528285251
3.022	4.530549159
3.023	4.532814198
3.024	4.53508037
3.025	4.537347674
3.026	4.539616112
3.027	4.541885684
3.028	4.54415639
3.029	4.546428231
3.03	4.548701208
3.031	4.550975321
3.032	4.553250571
3.033	4.555526958
3.034	4.557804483
3.035	4.560083146
3.036	4.562362949
3.037	4.564643891
3.038	4.566925973
3.039	4.569209196
3.04	4.57149356
3.041	4.573779066
3.042	4.576065715
3.043	4.578353507
3.044	4.580642442
3.045	4.582932521
3.046	4.585223745
3.047	4.587516115
3.048	4.58980963
3.049	4.592104292
3.05	4.5944001
3.051	4.596697057
3.052	4.598995161
3.053	4.601294414
3.054	4.603594817
3.055	4.605896369
3.056	4.608199072
3.057	4.610502926
3.058	4.612807932
3.059	4.615114089
3.06	4.6174214
3.061	4.619729864
3.062	4.622039481
3.063	4.624350254
3.064	4.626662181
3.065	4.628975264
3.066	4.631289503
3.067	4.633604899
3.068	4.635921453
3.069	4.638239164
3.07	4.640558034
3.071	4.642878063
3.072	4.645199252
3.073	4.647521601
3.074	4.649845111
3.075	4.652169782
3.076	4.654495615
3.077	4.656822611
3.078	4.65915077
3.079	4.661480093
3.08	4.663810581
3.081	4.666142233
3.082	4.66847505
3.083	4.670809034
3.084	4.673144185
3.085	4.675480502
3.086	4.677817988
3.087	4.680156642
3.088	4.682496465
3.089	4.684837457
3.09	4.68717962
3.091	4.689522954
3.092	4.691867459
3.093	4.694213135
3.094	4.696559985
3.095	4.698908007
3.096	4.701257203
3.097	4.703607574
3.098	4.705959119
3.099	4.70831184
3.1	4.710665736
3.101	4.71302081
3.102	4.71537706
3.103	4.717734489
3.104	4.720093096
3.105	4.722452881
3.106	4.724813847
3.107	4.727175992
3.108	4.729539319
3.109	4.731903826
3.11	4.734269516
3.111	4.736636388
3.112	4.739004443
3.113	4.741373682
3.114	4.743744105
3.115	4.746115713
3.116	4.748488507
3.117	4.750862486
3.118	4.753237653
3.119	4.755614006
3.12	4.757991548
3.121	4.760370278
3.122	4.762750196
3.123	4.765131305
3.124	4.767513604
3.125	4.769897093
3.126	4.772281774
3.127	4.774667647
3.128	4.777054713
3.129	4.779442972
3.13	4.781832425
3.131	4.784223072
3.132	4.786614914
3.133	4.789007951
3.134	4.791402185
3.135	4.793797616
3.136	4.796194244
3.137	4.79859207
3.138	4.800991095
3.139	4.803391318
3.14	4.805792742
3.141	4.808195366
3.142	4.810599191
3.143	4.813004217
3.144	4.815410446
3.145	4.817817878
3.146	4.820226512
3.147	4.822636351
3.148	4.825047395
3.149	4.827459643
3.15	4.829873098
3.151	4.832287759
3.152	4.834703627
3.153	4.837120702
3.154	4.839538986
3.155	4.841958478
3.156	4.84437918
3.157	4.846801092
3.158	4.849224215
3.159	4.851648548
3.16	4.854074094
3.161	4.856500852
3.162	4.858928823
3.163	4.861358008
3.164	4.863788407
3.165	4.866220021
3.166	4.86865285
3.167	4.871086895
3.168	4.873522158
3.169	4.875958637
3.17	4.878396334
3.171	4.88083525
3.172	4.883275385
3.173	4.88571674
3.174	4.888159315
3.175	4.890603111
3.176	4.893048128
3.177	4.895494368
3.178	4.897941831
3.179	4.900390517
3.18	4.902840427
3.181	4.905291561
3.182	4.907743921
3.183	4.910197507
3.184	4.912652319
3.185	4.915108358
3.186	4.917565625
3.187	4.92002412
3.188	4.922483844
3.189	4.924944797
3.19	4.927406981
3.191	4.929870395
3.192	4.932335041
3.193	4.934800919
3.194	4.93726803
3.195	4.939736373
3.196	4.942205951
3.197	4.944676763
3.198	4.94714881
3.199	4.949622092
3.2	4.952096611
3.201	4.954572367
3.202	4.957049361
3.203	4.959527592
3.204	4.962007062
3.205	4.964487772
3.206	4.966969722
3.207	4.969452912
3.208	4.971937344
3.209	4.974423018
3.21	4.976909934
3.211	4.979398093
3.212	4.981887496
3.213	4.984378143
3.214	4.986870035
3.215	4.989363173
3.216	4.991857557
3.217	4.994353188
3.218	4.996850066
3.219	4.999348193
3.22	5.001847568
3.221	5.004348193
3.222	5.006850067
3.223	5.009353192
3.224	5.011857568
3.225	5.014363197
3.226	5.016870077
3.227	5.019378211
3.228	5.021887598
3.229	5.02439824
3.23	5.026910137
3.231	5.029423289
3.232	5.031937698
3.233	5.034453363
3.234	5.036970286
3.235	5.039488467
3.236	5.042007907
3.237	5.044528606
3.238	5.047050566
3.239	5.049573785
3.24	5.052098267
3.241	5.05462401
3.242	5.057151015
3.243	5.059679284
3.244	5.062208816
3.245	5.064739613
3.246	5.067271675
3.247	5.069805002
3.248	5.072339596
3.249	5.074875457
3.25	5.077412586
3.251	5.079950982
3.252	5.082490648
3.253	5.085031583
3.254	5.087573788
3.255	5.090117264
3.256	5.092662011
3.257	5.09520803
3.258	5.097755322
3.259	5.100303887
3.26	5.102853726
3.261	5.10540484
3.262	5.107957229
3.263	5.110510894
3.264	5.113065835
3.265	5.115622053
3.266	5.11817955
3.267	5.120738324
3.268	5.123298378
3.269	5.125859711
3.27	5.128422324
3.271	5.130986219
3.272	5.133551395
3.273	5.136117853
3.274	5.138685594
3.275	5.141254619
3.276	5.143824928
3.277	5.146396522
3.278	5.148969401
3.279	5.151543566
3.28	5.154119018
3.281	5.156695757
3.282	5.159273784
3.283	5.1618531
3.284	5.164433705
3.285	5.167015601
3.286	5.169598786
3.287	5.172183263
3.288	5.174769032
3.289	5.177356094
3.29	5.179944448
3.291	5.182534097
3.292	5.18512504
3.293	5.187717278
3.294	5.190310811
3.295	5.192905641
3.296	5.195501769
3.297	5.198099194
3.298	5.200697917
3.299	5.203297939
3.3	5.205899261
3.301	5.208501883
3.302	5.211105806
3.303	5.213711031
3.304	5.216317558
3.305	5.218925388
3.306	5.221534522
3.307	5.224144959
3.308	5.226756702
3.309	5.22936975
3.31	5.231984104
3.311	5.234599765
3.312	5.237216734
3.313	5.23983501
3.314	5.242454596
3.315	5.24507549
3.316	5.247697695
3.317	5.250321211
3.318	5.252946038
3.319	5.255572177
3.32	5.258199629
3.321	5.260828394
3.322	5.263458473
3.323	5.266089867
3.324	5.268722576
3.325	5.271356601
3.326	5.273991943
3.327	5.276628602
3.328	5.279266579
3.329	5.281905875
3.33	5.28454649
3.331	5.287188425
3.332	5.28983168
3.333	5.292476257
3.334	5.295122156
3.335	5.297769377
3.336	5.300417922
3.337	5.30306779
3.338	5.305718983
3.339	5.308371501
3.34	5.311025345
3.341	5.313680516
3.342	5.316337014
3.343	5.31899484
3.344	5.321653994
3.345	5.324314478
3.346	5.326976291
3.347	5.329639435
3.348	5.33230391
3.349	5.334969717
3.35	5.337636856
3.351	5.340305329
3.352	5.342975136
3.353	5.345646277
3.354	5.348318753
3.355	5.350992565
3.356	5.353667714
3.357	5.3563442
3.358	5.359022024
3.359	5.361701186
3.36	5.364381687
3.361	5.367063529
3.362	5.369746711
3.363	5.372431234
3.364	5.375117099
3.365	5.377804307
3.366	5.380492857
3.367	5.383182752
3.368	5.385873991
3.369	5.388566576
3.37	5.391260506
3.371	5.393955783
3.372	5.396652408
3.373	5.39935038
3.374	5.402049701
3.375	5.404750371
3.376	5.407452391
3.377	5.410155762
3.378	5.412860484
3.379	5.415566558
3.38	5.418273985
3.381	5.420982765
3.382	5.423692899
3.383	5.426404387
3.384	5.429117231
3.385	5.431831432
3.386	5.434546988
3.387	5.437263903
3.388	5.439982175
3.389	5.442701806
3.39	5.445422797
3.391	5.448145147
3.392	5.450868859
3.393	5.453593931
3.394	5.456320367
3.395	5.459048164
3.396	5.461777326
3.397	5.464507851
3.398	5.467239742
3.399	5.469972998
3.4	5.47270762
3.401	5.475443609
3.402	5.478180966
3.403	5.480919691
3.404	5.483659785
3.405	5.486401249
3.406	5.489144083
3.407	5.491888288
3.408	5.494633865
3.409	5.497380815
3.41	5.500129137
3.411	5.502878833
3.412	5.505629904
3.413	5.508382349
3.414	5.511136171
3.415	5.513891369
3.416	5.516647944
3.417	5.519405898
3.418	5.522165229
3.419	5.52492594
3.42	5.527688032
3.421	5.530451503
3.422	5.533216356
3.423	5.535982591
3.424	5.538750209
3.425	5.54151921
3.426	5.544289596
3.427	5.547061366
3.428	5.549834522
3.429	5.552609063
3.43	5.555384992
3.431	5.558162308
3.432	5.560941013
3.433	5.563721107
3.434	5.56650259
3.435	5.569285463
3.436	5.572069728
3.437	5.574855384
3.438	5.577642433
3.439	5.580430875
3.44	5.58322071
3.441	5.586011941
3.442	5.588804566
3.443	5.591598588
3.444	5.594394006
3.445	5.597190821
3.446	5.599989034
3.447	5.602788646
3.448	5.605589658
3.449	5.608392069
3.45	5.611195882
3.451	5.614001096
3.452	5.616807712
3.453	5.619615731
3.454	5.622425153
3.455	5.62523598
3.456	5.628048212
3.457	5.63086185
3.458	5.633676894
3.459	5.636493345
3.46	5.639311204
3.461	5.642130472
3.462	5.644951149
3.463	5.647773235
3.464	5.650596733
3.465	5.653421642
3.466	5.656247962
3.467	5.659075696
3.468	5.661904843
3.469	5.664735404
3.47	5.66756738
3.471	5.670400772
3.472	5.67323558
3.473	5.676071805
3.474	5.678909448
3.475	5.681748509
3.476	5.684588989
3.477	5.687430889
3.478	5.69027421
3.479	5.693118952
3.48	5.695965115
3.481	5.698812702
3.482	5.701661712
3.483	5.704512146
3.484	5.707364005
3.485	5.710217289
3.486	5.713072
3.487	5.715928137
3.488	5.718785703
3.489	5.721644696
3.49	5.724505119
3.491	5.727366971
3.492	5.730230254
3.493	5.733094969
3.494	5.735961115
3.495	5.738828694
3.496	5.741697706
3.497	5.744568152
3.498	5.747440034
3.499	5.75031335
3.5	5.753188103
3.501	5.756064293
3.502	5.758941921
3.503	5.761820987
3.504	5.764701492
3.505	5.767583437
3.506	5.770466823
3.507	5.773351649
3.508	5.776237918
3.509	5.77912563
3.51	5.782014785
3.511	5.784905384
3.512	5.787797428
3.513	5.790690918
3.514	5.793585854
3.515	5.796482237
3.516	5.799380068
3.517	5.802279347
3.518	5.805180076
3.519	5.808082254
3.52	5.810985884
3.521	5.813890964
3.522	5.816797497
3.523	5.819705483
3.524	5.822614922
3.525	5.825525815
3.526	5.828438164
3.527	5.831351968
3.528	5.834267229
3.529	5.837183947
3.53	5.840102123
3.531	5.843021757
3.532	5.845942851
3.533	5.848865406
3.534	5.851789421
3.535	5.854714897
3.536	5.857641836
3.537	5.860570238
3.538	5.863500104
3.539	5.866431434
3.54	5.86936423
3.541	5.872298491
3.542	5.875234219
3.543	5.878171415
3.544	5.881110079
3.545	5.884050212
3.546	5.886991814
3.547	5.889934887
3.548	5.892879431
3.549	5.895825447
3.55	5.898772935
3.551	5.901721897
3.552	5.904672332
3.553	5.907624243
3.554	5.910577629
3.555	5.913532491
3.556	5.916488831
3.557	5.919446648
3.558	5.922405943
3.559	5.925366718
3.56	5.928328973
3.561	5.931292708
3.562	5.934257925
3.563	5.937224624
3.564	5.940192807
3.565	5.943162472
3.566	5.946133622
3.567	5.949106258
3.568	5.952080379
3.569	5.955055987
3.57	5.958033082
3.571	5.961011665
3.572	5.963991737
3.573	5.966973299
3.574	5.969956351
3.575	5.972940894
3.576	5.975926929
3.577	5.978914457
3.578	5.981903478
3.579	5.984893993
3.58	5.987886003
3.581	5.990879509
3.582	5.99387451
3.583	5.996871009
3.584	5.999869006
3.585	6.002868501
3.586	6.005869496
3.587	6.008871991
3.588	6.011875986
3.589	6.014881483
3.59	6.017888483
3.591	6.020896985
3.592	6.023906991
3.593	6.026918502
3.594	6.029931518
3.595	6.032946041
3.596	6.03596207
3.597	6.038979606
3.598	6.041998651
3.599	6.045019205
3.6	6.048041269
3.601	6.051064844
3.602	6.05408993
3.603	6.057116528
3.604	6.060144639
3.605	6.063174263
3.606	6.066205402
3.607	6.069238056
3.608	6.072272226
3.609	6.075307912
3.61	6.078345116
3.611	6.081383838
3.612	6.084424079
3.613	6.08746584
3.614	6.090509121
3.615	6.093553924
3.616	6.096600248
3.617	6.099648095
3.618	6.102697466
3.619	6.10574836
3.62	6.10880078
3.621	6.111854726
3.622	6.114910198
3.623	6.117967197
3.624	6.121025725
3.625	6.124085781
3.626	6.127147367
3.627	6.130210483
3.628	6.133275131
3.629	6.13634131
3.63	6.139409022
3.631	6.142478267
3.632	6.145549046
3.633	6.148621361
3.634	6.151695211
3.635	6.154770598
3.636	6.157847522
3.637	6.160925983
3.638	6.164005984
3.639	6.167087524
3.64	6.170170605
3.641	6.173255227
3.642	6.17634139
3.643	6.179429096
3.644	6.182518346
3.645	6.18560914
3.646	6.188701478
3.647	6.191795363
3.648	6.194890794
3.649	6.197987772
3.65	6.201086298
3.651	6.204186373
3.652	6.207287998
3.653	6.210391173
3.654	6.213495899
3.655	6.216602177
3.656	6.219710008
3.657	6.222819392
3.658	6.225930331
3.659	6.229042824
3.66	6.232156874
3.661	6.235272479
3.662	6.238389643
3.663	6.241508364
3.664	6.244628644
3.665	6.247750484
3.666	6.250873885
3.667	6.253998846
3.668	6.25712537
3.669	6.260253457
3.67	6.263383107
3.671	6.266514321
3.672	6.269647101
3.673	6.272781447
3.674	6.275917359
3.675	6.279054839
3.676	6.282193887
3.677	6.285334504
3.678	6.288476691
3.679	6.291620449
3.68	6.294765778
3.681	6.297912679
3.682	6.301061153
3.683	6.304211201
3.684	6.307362824
3.685	6.310516022
3.686	6.313670796
3.687	6.316827147
3.688	6.319985076
3.689	6.323144583
3.69	6.32630567
3.691	6.329468337
3.692	6.332632584
3.693	6.335798414
3.694	6.338965825
3.695	6.34213482
3.696	6.345305399
3.697	6.348477563
3.698	6.351651312
3.699	6.354826648
3.7	6.358003571
3.701	6.361182082
3.702	6.364362182
3.703	6.367543872
3.704	6.370727152
3.705	6.373912023
3.706	6.377098486
3.707	6.380286541
3.708	6.383476191
3.709	6.386667434
3.71	6.389860273
3.711	6.393054708
3.712	6.396250739
3.713	6.399448369
3.714	6.402647596
3.715	6.405848423
3.716	6.409050849
3.717	6.412254876
3.718	6.415460505
3.719	6.418667737
3.72	6.421876571
3.721	6.425087009
3.722	6.428299052
3.723	6.431512701
3.724	6.434727956
3.725	6.437944818
3.726	6.441163288
3.727	6.444383367
3.728	6.447605055
3.729	6.450828354
3.73	6.454053264
3.731	6.457279786
3.732	6.460507921
3.733	6.463737669
3.734	6.466969032
3.735	6.47020201
3.736	6.473436604
3.737	6.476672815
3.738	6.479910643
3.739	6.48315009
3.74	6.486391156
3.741	6.489633843
3.742	6.49287815
3.743	6.496124079
3.744	6.49937163
3.745	6.502620804
3.746	6.505871603
3.747	6.509124027
3.748	6.512378076
3.749	6.515633752
3.75	6.518891055
3.751	6.522149987
3.752	6.525410547
3.753	6.528672737
3.754	6.531936558
3.755	6.535202011
3.756	6.538469095
3.757	6.541737813
3.758	6.545008164
3.759	6.54828015
3.76	6.551553772
3.761	6.55482903
3.762	6.558105925
3.763	6.561384459
3.764	6.564664631
3.765	6.567946442
3.766	6.571229894
3.767	6.574514987
3.768	6.577801723
3.769	6.581090101
3.77	6.584380123
3.771	6.587671789
3.772	6.590965101
3.773	6.594260059
3.774	6.597556664
3.775	6.600854917
3.776	6.604154818
3.777	6.607456369
3.778	6.61075957
3.779	6.614064423
3.78	6.617370927
3.781	6.620679084
3.782	6.623988895
3.783	6.62730036
3.784	6.63061348
3.785	6.633928256
3.786	6.63724469
3.787	6.640562781
3.788	6.64388253
3.789	6.647203939
3.79	6.650527008
3.791	6.653851739
3.792	6.657178131
3.793	6.660506186
3.794	6.663835904
3.795	6.667167287
3.796	6.670500335
3.797	6.673835049
3.798	6.67717143
3.799	6.680509478
3.8	6.683849195
3.801	6.687190582
3.802	6.690533638
3.803	6.693878366
3.804	6.697224766
3.805	6.700572838
3.806	6.703922584
3.807	6.707274004
3.808	6.710627099
3.809	6.713981871
3.81	6.717338319
3.811	6.720696445
3.812	6.72405625
3.813	6.727417734
3.814	6.730780898
3.815	6.734145744
3.816	6.737512271
3.817	6.740880481
3.818	6.744250375
3.819	6.747621953
3.82	6.750995217
3.821	6.754370166
3.822	6.757746803
3.823	6.761125128
3.824	6.764505141
3.825	6.767886843
3.826	6.771270236
3.827	6.77465532
3.828	6.778042097
3.829	6.781430566
3.83	6.784820729
3.831	6.788212586
3.832	6.791606139
3.833	6.795001388
3.834	6.798398334
3.835	6.801796979
3.836	6.805197322
3.837	6.808599364
3.838	6.812003108
3.839	6.815408552
3.84	6.818815699
3.841	6.822224549
3.842	6.825635103
3.843	6.829047361
3.844	6.832461326
3.845	6.835876996
3.846	6.839294374
3.847	6.842713461
3.848	6.846134256
3.849	6.849556761
3.85	6.852980977
3.851	6.856406905
3.852	6.859834545
3.853	6.863263898
3.854	6.866694966
3.855	6.870127748
3.856	6.873562246
3.857	6.876998462
3.858	6.880436394
3.859	6.883876046
3.86	6.887317416
3.861	6.890760507
3.862	6.894205319
3.863	6.897651852
3.864	6.901100109
3.865	6.904550089
3.866	6.908001793
3.867	6.911455223
3.868	6.914910379
3.869	6.918367262
3.87	6.921825873
3.871	6.925286213
3.872	6.928748283
3.873	6.932212083
3.874	6.935677614
3.875	6.939144878
3.876	6.942613875
3.877	6.946084605
3.878	6.949557071
3.879	6.953031272
3.88	6.95650721
3.881	6.959984886
3.882	6.963464299
3.883	6.966945452
3.884	6.970428345
3.885	6.973912979
3.886	6.977399355
3.887	6.980887473
3.888	6.984377335
3.889	6.987868942
3.89	6.991362293
3.891	6.994857391
3.892	6.998354236
3.893	7.001852829
3.894	7.00535317
3.895	7.008855261
3.896	7.012359103
3.897	7.015864696
3.898	7.019372042
3.899	7.02288114
3.9	7.026391993
3.901	7.0299046
3.902	7.033418964
3.903	7.036935083
3.904	7.040452961
3.905	7.043972597
3.906	7.047493992
3.907	7.051017147
3.908	7.054542064
3.909	7.058068742
3.91	7.061597183
3.911	7.065127388
3.912	7.068659358
3.913	7.072193092
3.914	7.075728594
3.915	7.079265862
3.916	7.082804899
3.917	7.086345704
3.918	7.08988828
3.919	7.093432626
3.92	7.096978744
3.921	7.100526634
3.922	7.104076298
3.923	7.107627736
3.924	7.11118095
3.925	7.114735939
3.926	7.118292705
3.927	7.12185125
3.928	7.125411573
3.929	7.128973675
3.93	7.132537558
3.931	7.136103223
3.932	7.13967067
3.933	7.1432399
3.934	7.146810914
3.935	7.150383713
3.936	7.153958298
3.937	7.15753467
3.938	7.161112829
3.939	7.164692777
3.94	7.168274515
3.941	7.171858042
3.942	7.175443361
3.943	7.179030472
3.944	7.182619376
3.945	7.186210074
3.946	7.189802567
3.947	7.193396856
3.948	7.196992941
3.949	7.200590824
3.95	7.204190505
3.951	7.207791985
3.952	7.211395266
3.953	7.215000347
3.954	7.218607231
3.955	7.222215918
3.956	7.225826408
3.957	7.229438703
3.958	7.233052804
3.959	7.236668711
3.96	7.240286426
3.961	7.243905949
3.962	7.247527281
3.963	7.251150423
3.964	7.254775377
3.965	7.258402142
3.966	7.26203072
3.967	7.265661112
3.968	7.269293319
3.969	7.272927341
3.97	7.276563179
3.971	7.280200835
3.972	7.283840309
3.973	7.287481603
3.974	7.291124716
3.975	7.294769651
3.976	7.298416407
3.977	7.302064987
3.978	7.30571539
3.979	7.309367617
3.98	7.313021671
3.981	7.316677551
3.982	7.320335258
3.983	7.323994793
3.984	7.327656158
3.985	7.331319353
3.986	7.334984379
3.987	7.338651236
3.988	7.342319927
3.989	7.345990452
3.99	7.349662811
3.991	7.353337006
3.992	7.357013037
3.993	7.360690906
3.994	7.364370613
3.995	7.36805216
3.996	7.371735547
3.997	7.375420775
3.998	7.379107845
3.999	7.382796758
4	7.386487515
4.001	7.390180116
4.002	7.393874564
4.003	7.397570858
4.004	7.401269
4.005	7.40496899
4.006	7.40867083
4.007	7.41237452
4.008	7.416080061
4.009	7.419787455
4.01	7.423496701
4.011	7.427207802
4.012	7.430920758
4.013	7.43463557
4.014	7.438352238
4.015	7.442070764
4.016	7.445791149
4.017	7.449513394
4.018	7.453237499
4.019	7.456963466
4.02	7.460691295
4.021	7.464420988
4.022	7.468152545
4.023	7.471885967
4.024	7.475621255
4.025	7.47935841
4.026	7.483097433
4.027	7.486838326
4.028	7.490581088
4.029	7.494325721
4.03	7.498072225
4.031	7.501820603
4.032	7.505570854
4.033	7.509322979
4.034	7.51307698
4.035	7.516832858
4.036	7.520590613
4.037	7.524350246
4.038	7.528111758
4.039	7.531875151
4.04	7.535640425
4.041	7.539407581
4.042	7.543176619
4.043	7.546947542
4.044	7.55072035
4.045	7.554495044
4.046	7.558271624
4.047	7.562050092
4.048	7.565830449
4.049	7.569612695
4.05	7.573396832
4.051	7.57718286
4.052	7.580970781
4.053	7.584760595
4.054	7.588552304
4.055	7.592345908
4.056	7.596141408
4.057	7.599938805
4.058	7.6037381
4.059	7.607539295
4.06	7.611342389
4.061	7.615147385
4.062	7.618954282
4.063	7.622763082
4.064	7.626573787
4.065	7.630386395
4.066	7.63420091
4.067	7.638017331
4.068	7.64183566
4.069	7.645655898
4.07	7.649478045
4.071	7.653302102
4.072	7.657128071
4.073	7.660955953
4.074	7.664785748
4.075	7.668617457
4.076	7.672451081
4.077	7.676286622
4.078	7.680124079
4.079	7.683963455
4.08	7.68780475
4.081	7.691647966
4.082	7.695493102
4.083	7.69934016
4.084	7.703189141
4.085	7.707040046
4.086	7.710892876
4.087	7.714747632
4.088	7.718604314
4.089	7.722462924
4.09	7.726323463
4.091	7.730185932
4.092	7.734050331
4.093	7.737916662
4.094	7.741784926
4.095	7.745655123
4.096	7.749527255
4.097	7.753401322
4.098	7.757277325
4.099	7.761155266
4.1	7.765035146
4.101	7.768916964
4.102	7.772800723
4.103	7.776686424
4.104	7.780574066
4.105	7.784463652
4.106	7.788355182
4.107	7.792248657
4.108	7.796144078
4.109	7.800041447
4.11	7.803940763
4.111	7.807842029
4.112	7.811745245
4.113	7.815650411
4.114	7.81955753
4.115	7.823466602
4.116	7.827377627
4.117	7.831290608
4.118	7.835205544
4.119	7.839122438
4.12	7.843041289
4.121	7.846962099
4.122	7.850884868
4.123	7.854809599
4.124	7.858736291
4.125	7.862664946
4.126	7.866595565
4.127	7.870528149
4.128	7.874462698
4.129	7.878399214
4.13	7.882337698
4.131	7.88627815
4.132	7.890220572
4.133	7.894164964
4.134	7.898111328
4.135	7.902059665
4.136	7.906009975
4.137	7.90996226
4.138	7.91391652
4.139	7.917872757
4.14	7.921830971
4.141	7.925791164
4.142	7.929753337
4.143	7.93371749
4.144	7.937683624
4.145	7.941651741
4.146	7.945621841
4.147	7.949593926
4.148	7.953567996
4.149	7.957544052
4.15	7.961522096
4.151	7.965502129
4.152	7.969484151
4.153	7.973468163
4.154	7.977454167
4.155	7.981442163
4.156	7.985432152
4.157	7.989424136
4.158	7.993418115
4.159	7.997414091
4.16	8.001412064
4.161	8.005412035
4.162	8.009414006
4.163	8.013417977
4.164	8.017423949
4.165	8.021431924
4.166	8.025441902
4.167	8.029453885
4.168	8.033467873
4.169	8.037483867
4.17	8.041501869
4.171	8.045521879
4.172	8.049543899
4.173	8.053567929
4.174	8.05759397
4.175	8.061622024
4.176	8.065652091
4.177	8.069684173
4.178	8.07371827
4.179	8.077754383
4.18	8.081792514
4.181	8.085832663
4.182	8.089874832
4.183	8.093919022
4.184	8.097965232
4.185	8.102013466
4.186	8.106063722
4.187	8.110116004
4.188	8.11417031
4.189	8.118226644
4.19	8.122285005
4.191	8.126345394
4.192	8.130407813
4.193	8.134472263
4.194	8.138538744
4.195	8.142607258
4.196	8.146677805
4.197	8.150750387
4.198	8.154825005
4.199	8.15890166
4.2	8.162980352
4.201	8.167061083
4.202	8.171143853
4.203	8.175228665
4.204	8.179315518
4.205	8.183404414
4.206	8.187495354
4.207	8.191588338
4.208	8.195683369
4.209	8.199780446
4.21	8.203879572
4.211	8.207980746
4.212	8.21208397
4.213	8.216189245
4.214	8.220296573
4.215	8.224405953
4.216	8.228517387
4.217	8.232630877
4.218	8.236746422
4.219	8.240864025
4.22	8.244983686
4.221	8.249105406
4.222	8.253229186
4.223	8.257355028
4.224	8.261482931
4.225	8.265612899
4.226	8.26974493
4.227	8.273879027
4.228	8.27801519
4.229	8.282153421
4.23	8.28629372
4.231	8.290436089
4.232	8.294580528
4.233	8.298727039
4.234	8.302875623
4.235	8.30702628
4.236	8.311179012
4.237	8.315333819
4.238	8.319490704
4.239	8.323649666
4.24	8.327810707
4.241	8.331973828
4.242	8.33613903
4.243	8.340306313
4.244	8.34447568
4.245	8.348647131
4.246	8.352820667
4.247	8.356996289
4.248	8.361173998
4.249	8.365353796
4.25	8.369535682
4.251	8.373719659
4.252	8.377905728
4.253	8.382093888
4.254	8.386284142
4.255	8.390476491
4.256	8.394670935
4.257	8.398867476
4.258	8.403066114
4.259	8.407266851
4.26	8.411469688
4.261	8.415674626
4.262	8.419881665
4.263	8.424090807
4.264	8.428302054
4.265	8.432515405
4.266	8.436730862
4.267	8.440948426
4.268	8.445168099
4.269	8.44938988
4.27	8.453613772
4.271	8.457839775
4.272	8.462067891
4.273	8.46629812
4.274	8.470530463
4.275	8.474764922
4.276	8.479001497
4.277	8.48324019
4.278	8.487481002
4.279	8.491723934
4.28	8.495968986
4.281	8.50021616
4.282	8.504465457
4.283	8.508716879
4.284	8.512970425
4.285	8.517226097
4.286	8.521483897
4.287	8.525743824
4.288	8.530005881
4.289	8.534270069
4.29	8.538536388
4.291	8.542804839
4.292	8.547075424
4.293	8.551348144
4.294	8.555622999
4.295	8.559899991
4.296	8.564179121
4.297	8.56846039
4.298	8.572743798
4.299	8.577029348
4.3	8.58131704
4.301	8.585606875
4.302	8.589898855
4.303	8.594192979
4.304	8.598489251
4.305	8.602787669
4.306	8.607088236
4.307	8.611390953
4.308	8.61569582
4.309	8.62000284
4.31	8.624312012
4.311	8.628623338
4.312	8.632936819
4.313	8.637252456
4.314	8.64157025
4.315	8.645890202
4.316	8.650212314
4.317	8.654536586
4.318	8.65886302
4.319	8.663191616
4.32	8.667522376
4.321	8.6718553
4.322	8.676190391
4.323	8.680527648
4.324	8.684867073
4.325	8.689208667
4.326	8.693552431
4.327	8.697898367
4.328	8.702246475
4.329	8.706596756
4.33	8.710949211
4.331	8.715303843
4.332	8.71966065
4.333	8.724019636
4.334	8.7283808
4.335	8.732744145
4.336	8.73710967
4.337	8.741477377
4.338	8.745847268
4.339	8.750219343
4.34	8.754593603
4.341	8.75897005
4.342	8.763348684
4.343	8.767729507
4.344	8.772112519
4.345	8.776497723
4.346	8.780885118
4.347	8.785274706
4.348	8.789666489
4.349	8.794060466
4.35	8.79845664
4.351	8.802855012
4.352	8.807255582
4.353	8.811658351
4.354	8.816063321
4.355	8.820470493
4.356	8.824879868
4.357	8.829291447
4.358	8.833705231
4.359	8.838121221
4.36	8.842539419
4.361	8.846959825
4.362	8.85138244
4.363	8.855807266
4.364	8.860234304
4.365	8.864663555
4.366	8.869095019
4.367	8.873528699
4.368	8.877964595
4.369	8.882402708
4.37	8.886843039
4.371	8.89128559
4.372	8.895730362
4.373	8.900177355
4.374	8.904626571
4.375	8.909078011
4.376	8.913531675
4.377	8.917987566
4.378	8.922445685
4.379	8.926906031
4.38	8.931368608
4.381	8.935833414
4.382	8.940300453
4.383	8.944769724
4.384	8.949241229
4.385	8.95371497
4.386	8.958190946
4.387	8.96266916
4.388	8.967149612
4.389	8.971632304
4.39	8.976117236
4.391	8.98060441
4.392	8.985093827
4.393	8.989585488
4.394	8.994079394
4.395	8.998575547
4.396	9.003073947
4.397	9.007574595
4.398	9.012077493
4.399	9.016582641
4.4	9.021090042
4.401	9.025599695
4.402	9.030111603
4.403	9.034625766
4.404	9.039142185
4.405	9.043660862
4.406	9.048181797
4.407	9.052704993
4.408	9.057230449
4.409	9.061758167
4.41	9.066288148
4.411	9.070820394
4.412	9.075354904
4.413	9.079891682
4.414	9.084430727
4.415	9.088972041
4.416	9.093515625
4.417	9.09806148
4.418	9.102609607
4.419	9.107160008
4.42	9.111712683
4.421	9.116267634
4.422	9.120824861
4.423	9.125384367
4.424	9.129946151
4.425	9.134510216
4.426	9.139076562
4.427	9.14364519
4.428	9.148216102
4.429	9.152789299
4.43	9.157364781
4.431	9.161942551
4.432	9.166522609
4.433	9.171104956
4.434	9.175689594
4.435	9.180276523
4.436	9.184865745
4.437	9.189457261
4.438	9.194051071
4.439	9.198647179
4.44	9.203245583
4.441	9.207846286
4.442	9.212449288
4.443	9.217054592
4.444	9.221662197
4.445	9.226272105
4.446	9.230884318
4.447	9.235498836
4.448	9.24011566
4.449	9.244734792
4.45	9.249356233
4.451	9.253979984
4.452	9.258606047
4.453	9.263234421
4.454	9.267865109
4.455	9.272498111
4.456	9.27713343
4.457	9.281771065
4.458	9.286411018
4.459	9.291053291
4.46	9.295697884
4.461	9.300344799
4.462	9.304994036
4.463	9.309645597
4.464	9.314299483
4.465	9.318955696
4.466	9.323614236
4.467	9.328275104
4.468	9.332938302
4.469	9.337603831
4.47	9.342271692
4.471	9.346941886
4.472	9.351614415
4.473	9.356289279
4.474	9.36096648
4.475	9.365646018
4.476	9.370327896
4.477	9.375012114
4.478	9.379698673
4.479	9.384387575
4.48	9.38907882
4.481	9.393772411
4.482	9.398468347
4.483	9.403166631
4.484	9.407867263
4.485	9.412570245
4.486	9.417275577
4.487	9.421983262
4.488	9.426693299
4.489	9.431405691
4.49	9.436120438
4.491	9.440837542
4.492	9.445557004
4.493	9.450278824
4.494	9.455003005
4.495	9.459729547
4.496	9.464458452
4.497	9.46918972
4.498	9.473923354
4.499	9.478659353
4.5	9.48339772
4.501	9.488138455
4.502	9.492881559
4.503	9.497627035
4.504	9.502374882
4.505	9.507125103
4.506	9.511877698
4.507	9.516632668
4.508	9.521390016
4.509	9.526149741
4.51	9.530911845
4.511	9.53567633
4.512	9.540443196
4.513	9.545212445
4.514	9.549984078
4.515	9.554758095
4.516	9.559534499
4.517	9.564313291
4.518	9.569094471
4.519	9.573878041
4.52	9.578664002
4.521	9.583452355
4.522	9.588243102
4.523	9.593036243
4.524	9.59783178
4.525	9.602629714
4.526	9.607430046
4.527	9.612232778
4.528	9.61703791
4.529	9.621845445
4.53	9.626655382
4.531	9.631467723
4.532	9.63628247
4.533	9.641099623
4.534	9.645919184
4.535	9.650741155
4.536	9.655565535
4.537	9.660392327
4.538	9.665221531
4.539	9.67005315
4.54	9.674887183
4.541	9.679723633
4.542	9.6845625
4.543	9.689403786
4.544	9.694247491
4.545	9.699093618
4.546	9.703942167
4.547	9.708793139
4.548	9.713646537
4.549	9.71850236
4.55	9.72336061
4.551	9.728221289
4.552	9.733084397
4.553	9.737949936
4.554	9.742817907
4.555	9.747688312
4.556	9.75256115
4.557	9.757436425
4.558	9.762314136
4.559	9.767194285
4.56	9.772076874
4.561	9.776961903
4.562	9.781849374
4.563	9.786739288
4.564	9.791631646
4.565	9.796526449
4.566	9.801423699
4.567	9.806323397
4.568	9.811225544
4.569	9.816130141
4.57	9.82103719
4.571	9.825946692
4.572	9.830858647
4.573	9.835773058
4.574	9.840689925
4.575	9.84560925
4.576	9.850531033
4.577	9.855455277
4.578	9.860381982
4.579	9.86531115
4.58	9.870242782
4.581	9.875176878
4.582	9.880113441
4.583	9.885052471
4.584	9.88999397
4.585	9.894937939
4.586	9.899884379
4.587	9.904833292
4.588	9.909784678
4.589	9.91473854
4.59	9.919694877
4.591	9.924653692
4.592	9.929614985
4.593	9.934578758
4.594	9.939545013
4.595	9.944513749
4.596	9.94948497
4.597	9.954458675
4.598	9.959434866
4.599	9.964413544
4.6	9.969394711
4.601	9.974378368
4.602	9.979364516
4.603	9.984353156
4.604	9.98934429
4.605	9.994337918
4.606	9.999334043
4.607	10.00433266
4.608	10.00933378
4.609	10.0143374
4.61	10.01934353
4.611	10.02435215
4.612	10.02936328
4.613	10.03437691
4.614	10.03939304
4.615	10.04441169
4.616	10.04943284
4.617	10.05445651
4.618	10.05948268
4.619	10.06451137
4.62	10.06954257
4.621	10.07457628
4.622	10.07961251
4.623	10.08465126
4.624	10.08969253
4.625	10.09473631
4.626	10.09978262
4.627	10.10483145
4.628	10.10988281
4.629	10.11493668
4.63	10.11999309
4.631	10.12505202
4.632	10.13011348
4.633	10.13517747
4.634	10.14024399
4.635	10.14531305
4.636	10.15038464
4.637	10.15545876
4.638	10.16053542
4.639	10.16561461
4.64	10.17069635
4.641	10.17578063
4.642	10.18086744
4.643	10.1859568
4.644	10.19104871
4.645	10.19614315
4.646	10.20124015
4.647	10.20633969
4.648	10.21144178
4.649	10.21654643
4.65	10.22165362
4.651	10.22676336
4.652	10.23187567
4.653	10.23699052
4.654	10.24210793
4.655	10.2472279
4.656	10.25235043
4.657	10.25747552
4.658	10.26260317
4.659	10.26773339
4.66	10.27286617
4.661	10.27800151
4.662	10.28313942
4.663	10.2882799
4.664	10.29342295
4.665	10.29856857
4.666	10.30371676
4.667	10.30886752
4.668	10.31402086
4.669	10.31917678
4.67	10.32433527
4.671	10.32949634
4.672	10.33465999
4.673	10.33982622
4.674	10.34499504
4.675	10.35016643
4.676	10.35534042
4.677	10.36051698
4.678	10.36569614
4.679	10.37087788
4.68	10.37606222
4.681	10.38124914
4.682	10.38643866
4.683	10.39163077
4.684	10.39682548
4.685	10.40202279
4.686	10.40722269
4.687	10.41242519
4.688	10.41763029
4.689	10.42283799
4.69	10.4280483
4.691	10.43326121
4.692	10.43847673
4.693	10.44369485
4.694	10.44891558
4.695	10.45413892
4.696	10.45936487
4.697	10.46459344
4.698	10.46982461
4.699	10.47505841
4.7	10.48029481
4.701	10.48553384
4.702	10.49077548
4.703	10.49601975
4.704	10.50126663
4.705	10.50651614
4.706	10.51176827
4.707	10.51702303
4.708	10.52228041
4.709	10.52754042
4.71	10.53280306
4.711	10.53806834
4.712	10.54333624
4.713	10.54860677
4.714	10.55387995
4.715	10.55915575
4.716	10.56443419
4.717	10.56971528
4.718	10.574999
4.719	10.58028536
4.72	10.58557436
4.721	10.59086601
4.722	10.59616031
4.723	10.60145725
4.724	10.60675683
4.725	10.61205907
4.726	10.61736395
4.727	10.62267149
4.728	10.62798168
4.729	10.63329453
4.73	10.63861003
4.731	10.64392819
4.732	10.649249
4.733	10.65457248
4.734	10.65989861
4.735	10.66522741
4.736	10.67055887
4.737	10.675893
4.738	10.68122979
4.739	10.68656926
4.74	10.69191138
4.741	10.69725618
4.742	10.70260366
4.743	10.7079538
4.744	10.71330662
4.745	10.71866211
4.746	10.72402028
4.747	10.72938113
4.748	10.73474466
4.749	10.74011087
4.75	10.74547976
4.751	10.75085134
4.752	10.7562256
4.753	10.76160254
4.754	10.76698218
4.755	10.7723645
4.756	10.77774951
4.757	10.78313722
4.758	10.78852762
4.759	10.79392071
4.76	10.7993165
4.761	10.80471498
4.762	10.81011616
4.763	10.81552005
4.764	10.82092663
4.765	10.82633592
4.766	10.83174791
4.767	10.8371626
4.768	10.84258001
4.769	10.84800012
4.77	10.85342293
4.771	10.85884846
4.772	10.86427671
4.773	10.86970766
4.774	10.87514133
4.775	10.88057771
4.776	10.88601682
4.777	10.89145864
4.778	10.89690318
4.779	10.90235044
4.78	10.90780043
4.781	10.91325314
4.782	10.91870857
4.783	10.92416673
4.784	10.92962762
4.785	10.93509124
4.786	10.94055759
4.787	10.94602668
4.788	10.95149849
4.789	10.95697304
4.79	10.96245033
4.791	10.96793036
4.792	10.97341312
4.793	10.97889863
4.794	10.98438687
4.795	10.98987786
4.796	10.9953716
4.797	11.00086808
4.798	11.00636731
4.799	11.01186928
4.8	11.01737401
4.801	11.02288149
4.802	11.02839172
4.803	11.03390471
4.804	11.03942045
4.805	11.04493895
4.806	11.0504602
4.807	11.05598422
4.808	11.061511
4.809	11.06704054
4.81	11.07257284
4.811	11.07810791
4.812	11.08364574
4.813	11.08918635
4.814	11.09472972
4.815	11.10027586
4.816	11.10582478
4.817	11.11137647
4.818	11.11693093
4.819	11.12248818
4.82	11.12804819
4.821	11.13361099
4.822	11.13917657
4.823	11.14474493
4.824	11.15031607
4.825	11.15589
4.826	11.16146672
4.827	11.16704622
4.828	11.17262851
4.829	11.17821359
4.83	11.18380146
4.831	11.18939213
4.832	11.19498559
4.833	11.20058184
4.834	11.20618089
4.835	11.21178274
4.836	11.2173874
4.837	11.22299485
4.838	11.2286051
4.839	11.23421816
4.84	11.23983403
4.841	11.2454527
4.842	11.25107418
4.843	11.25669847
4.844	11.26232558
4.845	11.26795549
4.846	11.27358822
4.847	11.27922376
4.848	11.28486212
4.849	11.2905033
4.85	11.2961473
4.851	11.30179412
4.852	11.30744376
4.853	11.31309623
4.854	11.31875152
4.855	11.32440964
4.856	11.33007059
4.857	11.33573436
4.858	11.34140097
4.859	11.34707041
4.86	11.35274268
4.861	11.35841779
4.862	11.36409574
4.863	11.36977652
4.864	11.37546014
4.865	11.38114661
4.866	11.38683591
4.867	11.39252806
4.868	11.39822306
4.869	11.4039209
4.87	11.40962159
4.871	11.41532512
4.872	11.42103151
4.873	11.42674076
4.874	11.43245285
4.875	11.4381678
4.876	11.44388561
4.877	11.44960627
4.878	11.4553298
4.879	11.46105618
4.88	11.46678543
4.881	11.47251754
4.882	11.47825252
4.883	11.48399036
4.884	11.48973107
4.885	11.49547465
4.886	11.5012211
4.887	11.50697043
4.888	11.51272262
4.889	11.5184777
4.89	11.52423565
4.891	11.52999647
4.892	11.53576018
4.893	11.54152677
4.894	11.54729624
4.895	11.55306859
4.896	11.55884383
4.897	11.56462195
4.898	11.57040297
4.899	11.57618687
4.9	11.58197367
4.901	11.58776335
4.902	11.59355593
4.903	11.59935141
4.904	11.60514978
4.905	11.61095105
4.906	11.61675522
4.907	11.62256229
4.908	11.62837227
4.909	11.63418515
4.91	11.64000093
4.911	11.64581962
4.912	11.65164122
4.913	11.65746573
4.914	11.66329315
4.915	11.66912348
4.916	11.67495673
4.917	11.68079289
4.918	11.68663197
4.919	11.69247397
4.92	11.69831889
4.921	11.70416673
4.922	11.71001749
4.923	11.71587118
4.924	11.72172779
4.925	11.72758733
4.926	11.7334498
4.927	11.7393152
4.928	11.74518354
4.929	11.7510548
4.93	11.756929
4.931	11.76280614
4.932	11.76868621
4.933	11.77456922
4.934	11.78045517
4.935	11.78634407
4.936	11.79223591
4.937	11.79813069
4.938	11.80402842
4.939	11.8099291
4.94	11.81583272
4.941	11.8217393
4.942	11.82764883
4.943	11.83356132
4.944	11.83947676
4.945	11.84539515
4.946	11.85131651
4.947	11.85724082
4.948	11.8631681
4.949	11.86909833
4.95	11.87503154
4.951	11.8809677
4.952	11.88690684
4.953	11.89284894
4.954	11.89879401
4.955	11.90474206
4.956	11.91069308
4.957	11.91664707
4.958	11.92260404
4.959	11.92856398
4.96	11.93452691
4.961	11.94049281
4.962	11.9464617
4.963	11.95243357
4.964	11.95840843
4.965	11.96438627
4.966	11.9703671
4.967	11.97635092
4.968	11.98233773
4.969	11.98832753
4.97	11.99432033
4.971	12.00031612
4.972	12.00631491
4.973	12.0123167
4.974	12.01832149
4.975	12.02432928
4.976	12.03034007
4.977	12.03635387
4.978	12.04237067
4.979	12.04839048
4.98	12.0544133
4.981	12.06043912
4.982	12.06646797
4.983	12.07249982
4.984	12.07853469
4.985	12.08457257
4.986	12.09061348
4.987	12.0966574
4.988	12.10270435
4.989	12.10875431
4.99	12.1148073
4.991	12.12086332
4.992	12.12692236
4.993	12.13298443
4.994	12.13904953
4.995	12.14511767
4.996	12.15118883
4.997	12.15726303
4.998	12.16334027
4.999	12.16942055
5	12.17550386
5.001	12.18159021
5.002	12.18767961
5.003	12.19377205
5.004	12.19986754
5.005	12.20596607
5.006	12.21206765
5.007	12.21817228
5.008	12.22427996
5.009	12.23039069
5.01	12.23650448
5.011	12.24262133
5.012	12.24874123
5.013	12.25486419
5.014	12.26099021
5.015	12.2671193
5.016	12.27325144
5.017	12.27938665
5.018	12.28552493
5.019	12.29166628
5.02	12.2978107
5.021	12.30395818
5.022	12.31010874
5.023	12.31626238
5.024	12.32241909
5.025	12.32857888
5.026	12.33474174
5.027	12.34090769
5.028	12.34707672
5.029	12.35324883
5.03	12.35942403
5.031	12.36560231
5.032	12.37178369
5.033	12.37796815
5.034	12.3841557
5.035	12.39034635
5.036	12.39654009
5.037	12.40273692
5.038	12.40893686
5.039	12.41513989
5.04	12.42134602
5.041	12.42755526
5.042	12.43376759
5.043	12.43998304
5.044	12.44620159
5.045	12.45242325
5.046	12.45864801
5.047	12.46487589
5.048	12.47110689
5.049	12.47734099
5.05	12.48357822
5.051	12.48981856
5.052	12.49606202
5.053	12.5023086
5.054	12.5085583
5.055	12.51481113
5.056	12.52106708
5.057	12.52732616
5.058	12.53358836
5.059	12.5398537
5.06	12.54612217
5.061	12.55239377
5.062	12.55866851
5.063	12.56494638
5.064	12.57122739
5.065	12.57751155
5.066	12.58379884
5.067	12.59008927
5.068	12.59638285
5.069	12.60267957
5.07	12.60897945
5.071	12.61528247
5.072	12.62158864
5.073	12.62789796
5.074	12.63421044
5.075	12.64052607
5.076	12.64684486
5.077	12.6531668
5.078	12.65949191
5.079	12.66582018
5.08	12.67215161
5.081	12.67848621
5.082	12.68482397
5.083	12.6911649
5.084	12.697509
5.085	12.70385627
5.086	12.71020671
5.087	12.71656033
5.088	12.72291712
5.089	12.72927709
5.09	12.73564024
5.091	12.74200657
5.092	12.74837608
5.093	12.75474878
5.094	12.76112466
5.095	12.76750373
5.096	12.77388598
5.097	12.78027143
5.098	12.78666007
5.099	12.7930519
5.1	12.79944693
5.101	12.80584515
5.102	12.81224657
5.103	12.81865119
5.104	12.82505901
5.105	12.83147004
5.106	12.83788426
5.107	12.8443017
5.108	12.85072234
5.109	12.85714619
5.11	12.86357326
5.111	12.87000353
5.112	12.87643702
5.113	12.88287373
5.114	12.88931365
5.115	12.89575679
5.116	12.90220315
5.117	12.90865273
5.118	12.91510554
5.119	12.92156157
5.12	12.92802083
5.121	12.93448332
5.122	12.94094904
5.123	12.94741799
5.124	12.95389017
5.125	12.96036559
5.126	12.96684425
5.127	12.97332614
5.128	12.97981127
5.129	12.98629965
5.13	12.99279127
5.131	12.99928613
5.132	13.00578424
5.133	13.01228559
5.134	13.0187902
5.135	13.02529806
5.136	13.03180917
5.137	13.03832353
5.138	13.04484115
5.139	13.05136203
5.14	13.05788617
5.141	13.06441357
5.142	13.07094423
5.143	13.07747816
5.144	13.08401535
5.145	13.09055581
5.146	13.09709954
5.147	13.10364654
5.148	13.11019681
5.149	13.11675035
5.15	13.12330718
5.151	13.12986727
5.152	13.13643065
5.153	13.14299731
5.154	13.14956725
5.155	13.15614048
5.156	13.16271699
5.157	13.16929678
5.158	13.17587987
5.159	13.18246624
5.16	13.18905591
5.161	13.19564888
5.162	13.20224513
5.163	13.20884469
5.164	13.21544754
5.165	13.22205369
5.166	13.22866315
5.167	13.23527591
5.168	13.24189197
5.169	13.24851134
5.17	13.25513402
5.171	13.26176001
5.172	13.26838932
5.173	13.27502193
5.174	13.28165786
5.175	13.28829711
5.176	13.29493968
5.177	13.30158556
5.178	13.30823477
5.179	13.3148873
5.18	13.32154316
5.181	13.32820234
5.182	13.33486485
5.183	13.3415307
5.184	13.34819987
5.185	13.35487238
5.186	13.36154822
5.187	13.3682274
5.188	13.37490992
5.189	13.38159578
5.19	13.38828498
5.191	13.39497752
5.192	13.40167341
5.193	13.40837264
5.194	13.41507523
5.195	13.42178116
5.196	13.42849045
5.197	13.43520309
5.198	13.44191908
5.199	13.44863843
5.2	13.45536114
5.201	13.46208721
5.202	13.46881664
5.203	13.47554944
5.204	13.4822856
5.205	13.48902513
5.206	13.49576802
5.207	13.50251429
5.208	13.50926393
5.209	13.51601694
5.21	13.52277333
5.211	13.5295331
5.212	13.53629624
5.213	13.54306276
5.214	13.54983267
5.215	13.55660596
5.216	13.56338263
5.217	13.5701627
5.218	13.57694615
5.219	13.58373299
5.22	13.59052323
5.221	13.59731685
5.222	13.60411388
5.223	13.6109143
5.224	13.61771812
5.225	13.62452534
5.226	13.63133597
5.227	13.63814999
5.228	13.64496743
5.229	13.65178827
5.23	13.65861252
5.231	13.66544018
5.232	13.67227126
5.233	13.67910574
5.234	13.68594365
5.235	13.69278497
5.236	13.69962971
5.237	13.70647788
5.238	13.71332946
5.239	13.72018447
5.24	13.72704291
5.241	13.73390478
5.242	13.74077007
5.243	13.7476388
5.244	13.75451096
5.245	13.76138655
5.246	13.76826559
5.247	13.77514806
5.248	13.78203397
5.249	13.78892332
5.25	13.79581611
5.251	13.80271235
5.252	13.80961204
5.253	13.81651518
5.254	13.82342176
5.255	13.8303318
5.256	13.83724529
5.257	13.84416224
5.258	13.85108265
5.259	13.85800651
5.26	13.86493384
5.261	13.87186462
5.262	13.87879888
5.263	13.88573659
5.264	13.89267778
5.265	13.89962243
5.266	13.90657056
5.267	13.91352216
5.268	13.92047723
5.269	13.92743578
5.27	13.93439781
5.271	13.94136332
5.272	13.94833231
5.273	13.95530478
5.274	13.96228074
5.275	13.96926018
5.276	13.97624312
5.277	13.98322954
5.278	13.99021945
5.279	13.99721286
5.28	14.00420977
5.281	14.01121017
5.282	14.01821407
5.283	14.02522147
5.284	14.03223238
5.285	14.03924679
5.286	14.0462647
5.287	14.05328612
5.288	14.06031106
5.289	14.0673395
5.29	14.07437145
5.291	14.08140693
5.292	14.08844591
5.293	14.09548842
5.294	14.10253445
5.295	14.10958399
5.296	14.11663706
5.297	14.12369366
5.298	14.13075378
5.299	14.13781744
5.3	14.14488462
5.301	14.15195534
5.302	14.15902959
5.303	14.16610737
5.304	14.1731887
5.305	14.18027356
5.306	14.18736196
5.307	14.19445391
5.308	14.2015494
5.309	14.20864844
5.31	14.21575103
5.311	14.22285716
5.312	14.22996685
5.313	14.2370801
5.314	14.24419689
5.315	14.25131725
5.316	14.25844116
5.317	14.26556864
5.318	14.27269967
5.319	14.27983428
5.32	14.28697244
5.321	14.29411418
5.322	14.30125948
5.323	14.30840836
5.324	14.31556081
5.325	14.32271684
5.326	14.32987644
5.327	14.33703962
5.328	14.34420638
5.329	14.35137672
5.33	14.35855065
5.331	14.36572816
5.332	14.37290926
5.333	14.38009395
5.334	14.38728223
5.335	14.3944741
5.336	14.40166957
5.337	14.40886864
5.338	14.4160713
5.339	14.42327756
5.34	14.43048743
5.341	14.4377009
5.342	14.44491797
5.343	14.45213865
5.344	14.45936294
5.345	14.46659084
5.346	14.47382236
5.347	14.48105749
5.348	14.48829623
5.349	14.4955386
5.35	14.50278458
5.351	14.51003418
5.352	14.51728741
5.353	14.52454427
5.354	14.53180475
5.355	14.53906886
5.356	14.5463366
5.357	14.55360797
5.358	14.56088298
5.359	14.56816162
5.36	14.57544391
5.361	14.58272983
5.362	14.59001939
5.363	14.5973126
5.364	14.60460945
5.365	14.61190995
5.366	14.6192141
5.367	14.6265219
5.368	14.63383335
5.369	14.64114846
5.37	14.64846723
5.371	14.65578965
5.372	14.66311573
5.373	14.67044547
5.374	14.67777888
5.375	14.68511595
5.376	14.69245669
5.377	14.6998011
5.378	14.70714918
5.379	14.71450093
5.38	14.72185636
5.381	14.72921546
5.382	14.73657824
5.383	14.74394471
5.384	14.75131485
5.385	14.75868868
5.386	14.76606619
5.387	14.77344739
5.388	14.78083228
5.389	14.78822086
5.39	14.79561314
5.391	14.80300911
5.392	14.81040877
5.393	14.81781214
5.394	14.8252192
5.395	14.83262997
5.396	14.84004444
5.397	14.84746262
5.398	14.85488451
5.399	14.8623101
5.4	14.86973941
5.401	14.87717243
5.402	14.88460916
5.403	14.89204961
5.404	14.89949379
5.405	14.90694168
5.406	14.91439329
5.407	14.92184863
5.408	14.9293077
5.409	14.93677049
5.41	14.94423702
5.411	14.95170727
5.412	14.95918126
5.413	14.96665899
5.414	14.97414045
5.415	14.98162565
5.416	14.9891146
5.417	14.99660728
5.418	15.00410372
5.419	15.01160389
5.42	15.01910782
5.421	15.0266155
5.422	15.03412693
5.423	15.04164212
5.424	15.04916106
5.425	15.05668376
5.426	15.06421022
5.427	15.07174044
5.428	15.07927443
5.429	15.08681218
5.43	15.0943537
5.431	15.10189899
5.432	15.10944805
5.433	15.11700088
5.434	15.12455749
5.435	15.13211787
5.436	15.13968204
5.437	15.14724998
5.438	15.15482171
5.439	15.16239722
5.44	15.16997652
5.441	15.17755961
5.442	15.18514649
5.443	15.19273716
5.444	15.20033162
5.445	15.20792988
5.446	15.21553194
5.447	15.22313779
5.448	15.23074745
5.449	15.23836091
5.45	15.24597818
5.451	15.25359926
5.452	15.26122414
5.453	15.26885284
5.454	15.27648534
5.455	15.28412167
5.456	15.29176181
5.457	15.29940577
5.458	15.30705355
5.459	15.31470515
5.46	15.32236058
5.461	15.33001983
5.462	15.33768291
5.463	15.34534982
5.464	15.35302057
5.465	15.36069514
5.466	15.36837356
5.467	15.37605581
5.468	15.3837419
5.469	15.39143183
5.47	15.39912561
5.471	15.40682323
5.472	15.4145247
5.473	15.42223002
5.474	15.42993919
5.475	15.43765222
5.476	15.44536909
5.477	15.45308983
5.478	15.46081443
5.479	15.46854288
5.48	15.4762752
5.481	15.48401139
5.482	15.49175144
5.483	15.49949536
5.484	15.50724315
5.485	15.51499481
5.486	15.52275034
5.487	15.53050976
5.488	15.53827305
5.489	15.54604022
5.49	15.55381128
5.491	15.56158622
5.492	15.56936504
5.493	15.57714775
5.494	15.58493436
5.495	15.59272485
5.496	15.60051924
5.497	15.60831752
5.498	15.61611971
5.499	15.62392579
5.5	15.63173577
5.501	15.63954966
5.502	15.64736745
5.503	15.65518915
5.504	15.66301476
5.505	15.67084429
5.506	15.67867772
5.507	15.68651507
5.508	15.69435634
5.509	15.70220153
5.51	15.71005063
5.511	15.71790366
5.512	15.72576062
5.513	15.73362151
5.514	15.74148632
5.515	15.74935506
5.516	15.75722774
5.517	15.76510435
5.518	15.7729849
5.519	15.78086939
5.52	15.78875782
5.521	15.79665019
5.522	15.8045465
5.523	15.81244677
5.524	15.82035098
5.525	15.82825914
5.526	15.83617126
5.527	15.84408733
5.528	15.85200735
5.529	15.85993134
5.53	15.86785928
5.531	15.87579119
5.532	15.88372707
5.533	15.89166691
5.534	15.89961071
5.535	15.90755849
5.536	15.91551024
5.537	15.92346597
5.538	15.93142567
5.539	15.93938935
5.54	15.94735701
5.541	15.95532866
5.542	15.96330429
5.543	15.9712839
5.544	15.9792675
5.545	15.9872551
5.546	15.99524668
5.547	16.00324226
5.548	16.01124184
5.549	16.01924541
5.55	16.02725299
5.551	16.03526457
5.552	16.04328015
5.553	16.05129974
5.554	16.05932334
5.555	16.06735094
5.556	16.07538256
5.557	16.0834182
5.558	16.09145785
5.559	16.09950152
5.56	16.10754921
5.561	16.11560092
5.562	16.12365665
5.563	16.13171642
5.564	16.13978021
5.565	16.14784803
5.566	16.15591989
5.567	16.16399577
5.568	16.1720757
5.569	16.18015966
5.57	16.18824767
5.571	16.19633972
5.572	16.20443581
5.573	16.21253595
5.574	16.22064013
5.575	16.22874837
5.576	16.23686066
5.577	16.24497701
5.578	16.25309741
5.579	16.26122187
5.58	16.26935039
5.581	16.27748298
5.582	16.28561963
5.583	16.29376034
5.584	16.30190513
5.585	16.31005399
5.586	16.31820692
5.587	16.32636392
5.588	16.334525
5.589	16.34269016
5.59	16.3508594
5.591	16.35903273
5.592	16.36721014
5.593	16.37539164
5.594	16.38357722
5.595	16.3917669
5.596	16.39996067
5.597	16.40815854
5.598	16.41636051
5.599	16.42456657
5.6	16.43277674
5.601	16.44099101
5.602	16.44920938
5.603	16.45743186
5.604	16.46565846
5.605	16.47388916
5.606	16.48212398
5.607	16.49036291
5.608	16.49860597
5.609	16.50685314
5.61	16.51510443
5.611	16.52335985
5.612	16.5316194
5.613	16.53988307
5.614	16.54815088
5.615	16.55642281
5.616	16.56469888
5.617	16.57297909
5.618	16.58126344
5.619	16.58955192
5.62	16.59784455
5.621	16.60614133
5.622	16.61444225
5.623	16.62274732
5.624	16.63105654
5.625	16.63936992
5.626	16.64768745
5.627	16.65600914
5.628	16.66433498
5.629	16.67266499
5.63	16.68099916
5.631	16.6893375
5.632	16.69768001
5.633	16.70602668
5.634	16.71437753
5.635	16.72273255
5.636	16.73109175
5.637	16.73945512
5.638	16.74782268
5.639	16.75619441
5.64	16.76457034
5.641	16.77295044
5.642	16.78133474
5.643	16.78972323
5.644	16.79811591
5.645	16.80651279
5.646	16.81491386
5.647	16.82331913
5.648	16.8317286
5.649	16.84014228
5.65	16.84856016
5.651	16.85698225
5.652	16.86540855
5.653	16.87383906
5.654	16.88227378
5.655	16.89071272
5.656	16.89915588
5.657	16.90760326
5.658	16.91605486
5.659	16.92451068
5.66	16.93297073
5.661	16.94143501
5.662	16.94990352
5.663	16.95837627
5.664	16.96685324
5.665	16.97533446
5.666	16.98381991
5.667	16.99230961
5.668	17.00080355
5.669	17.00930173
5.67	17.01780416
5.671	17.02631084
5.672	17.03482178
5.673	17.04333696
5.674	17.05185641
5.675	17.06038011
5.676	17.06890807
5.677	17.07744029
5.678	17.08597678
5.679	17.09451754
5.68	17.10306256
5.681	17.11161186
5.682	17.12016543
5.683	17.12872327
5.684	17.13728539
5.685	17.14585179
5.686	17.15442248
5.687	17.16299744
5.688	17.1715767
5.689	17.18016024
5.69	17.18874807
5.691	17.19734019
5.692	17.20593661
5.693	17.21453732
5.694	17.22314234
5.695	17.23175165
5.696	17.24036527
5.697	17.24898319
5.698	17.25760542
5.699	17.26623196
5.7	17.27486282
5.701	17.28349798
5.702	17.29213746
5.703	17.30078126
5.704	17.30942938
5.705	17.31808183
5.706	17.32673859
5.707	17.33539969
5.708	17.34406511
5.709	17.35273487
5.71	17.36140896
5.711	17.37008738
5.712	17.37877014
5.713	17.38745724
5.714	17.39614869
5.715	17.40484447
5.716	17.41354461
5.717	17.42224909
5.718	17.43095792
5.719	17.43967111
5.72	17.44838865
5.721	17.45711055
5.722	17.46583681
5.723	17.47456742
5.724	17.48330241
5.725	17.49204176
5.726	17.50078547
5.727	17.50953356
5.728	17.51828602
5.729	17.52704286
5.73	17.53580407
5.731	17.54456966
5.732	17.55333963
5.733	17.56211399
5.734	17.57089273
5.735	17.57967586
5.736	17.58846337
5.737	17.59725529
5.738	17.60605159
5.739	17.61485229
5.74	17.62365739
5.741	17.6324669
5.742	17.6412808
5.743	17.65009911
5.744	17.65892183
5.745	17.66774896
5.746	17.6765805
5.747	17.68541645
5.748	17.69425682
5.749	17.70310161
5.75	17.71195082
5.751	17.72080445
5.752	17.72966251
5.753	17.738525
5.754	17.74739191
5.755	17.75626326
5.756	17.76513904
5.757	17.77401926
5.758	17.78290392
5.759	17.79179301
5.76	17.80068655
5.761	17.80958454
5.762	17.81848697
5.763	17.82739386
5.764	17.83630519
5.765	17.84522098
5.766	17.85414122
5.767	17.86306593
5.768	17.87199509
5.769	17.88092872
5.77	17.88986681
5.771	17.89880937
5.772	17.9077564
5.773	17.9167079
5.774	17.92566388
5.775	17.93462433
5.776	17.94358926
5.777	17.95255867
5.778	17.96153257
5.779	17.97051095
5.78	17.97949381
5.781	17.98848117
5.782	17.99747302
5.783	18.00646936
5.784	18.01547021
5.785	18.02447554
5.786	18.03348539
5.787	18.04249973
5.788	18.05151858
5.789	18.06054194
5.79	18.0695698
5.791	18.07860218
5.792	18.08763908
5.793	18.09668049
5.794	18.10572642
5.795	18.11477687
5.796	18.12383185
5.797	18.13289135
5.798	18.14195538
5.799	18.15102394
5.8	18.16009703
5.801	18.16917465
5.802	18.17825682
5.803	18.18734352
5.804	18.19643477
5.805	18.20553056
5.806	18.2146309
5.807	18.22373578
5.808	18.23284522
5.809	18.2419592
5.81	18.25107775
5.811	18.26020085
5.812	18.26932851
5.813	18.27846073
5.814	18.28759752
5.815	18.29673888
5.816	18.3058848
5.817	18.3150353
5.818	18.32419037
5.819	18.33335001
5.82	18.34251423
5.821	18.35168304
5.822	18.36085643
5.823	18.3700344
5.824	18.37921696
5.825	18.3884041
5.826	18.39759584
5.827	18.40679218
5.828	18.41599311
5.829	18.42519864
5.83	18.43440877
5.831	18.44362351
5.832	18.45284285
5.833	18.4620668
5.834	18.47129536
5.835	18.48052853
5.836	18.48976631
5.837	18.49900872
5.838	18.50825574
5.839	18.51750739
5.84	18.52676365
5.841	18.53602455
5.842	18.54529008
5.843	18.55456023
5.844	18.56383502
5.845	18.57311445
5.846	18.58239851
5.847	18.59168721
5.848	18.60098056
5.849	18.61027855
5.85	18.61958119
5.851	18.62888848
5.852	18.63820042
5.853	18.64751701
5.854	18.65683826
5.855	18.66616417
5.856	18.67549474
5.857	18.68482998
5.858	18.69416988
5.859	18.70351445
5.86	18.71286369
5.861	18.7222176
5.862	18.73157619
5.863	18.74093946
5.864	18.7503074
5.865	18.75968003
5.866	18.76905734
5.867	18.77843934
5.868	18.78782603
5.869	18.79721741
5.87	18.80661349
5.871	18.81601426
5.872	18.82541973
5.873	18.8348299
5.874	18.84424477
5.875	18.85366435
5.876	18.86308864
5.877	18.87251764
5.878	18.88195135
5.879	18.89138978
5.88	18.90083292
5.881	18.91028079
5.882	18.91973337
5.883	18.92919068
5.884	18.93865272
5.885	18.94811949
5.886	18.95759099
5.887	18.96706722
5.888	18.97654819
5.889	18.9860339
5.89	18.99552435
5.891	19.00501954
5.892	19.01451948
5.893	19.02402417
5.894	19.03353361
5.895	19.0430478
5.896	19.05256674
5.897	19.06209045
5.898	19.07161891
5.899	19.08115214
5.9	19.09069013
5.901	19.10023289
5.902	19.10978042
5.903	19.11933272
5.904	19.12888979
5.905	19.13845165
5.906	19.14801828
5.907	19.15758969
5.908	19.16716589
5.909	19.17674687
5.91	19.18633264
5.911	19.19592321
5.912	19.20551856
5.913	19.21511872
5.914	19.22472367
5.915	19.23433342
5.916	19.24394797
5.917	19.25356734
5.918	19.2631915
5.919	19.27282048
5.92	19.28245427
5.921	19.29209288
5.922	19.30173631
5.923	19.31138455
5.924	19.32103762
5.925	19.33069551
5.926	19.34035823
5.927	19.35002578
5.928	19.35969816
5.929	19.36937537
5.93	19.37905743
5.931	19.38874432
5.932	19.39843605
5.933	19.40813263
5.934	19.41783405
5.935	19.42754032
5.936	19.43725145
5.937	19.44696743
5.938	19.45668826
5.939	19.46641395
5.94	19.47614451
5.941	19.48587992
5.942	19.49562021
5.943	19.50536536
5.944	19.51511538
5.945	19.52487028
5.946	19.53463005
5.947	19.5443947
5.948	19.55416423
5.949	19.56393864
5.95	19.57371794
5.951	19.58350213
5.952	19.59329121
5.953	19.60308518
5.954	19.61288404
5.955	19.62268781
5.956	19.63249647
5.957	19.64231003
5.958	19.65212851
5.959	19.66195188
5.96	19.67178017
5.961	19.68161337
5.962	19.69145149
5.963	19.70129452
5.964	19.71114247
5.965	19.72099535
5.966	19.73085315
5.967	19.74071587
5.968	19.75058353
5.969	19.76045612
5.97	19.77033364
5.971	19.7802161
5.972	19.7901035
5.973	19.79999584
5.974	19.80989312
5.975	19.81979536
5.976	19.82970254
5.977	19.83961467
5.978	19.84953176
5.979	19.8594538
5.98	19.86938081
5.981	19.87931277
5.982	19.8892497
5.983	19.8991916
5.984	19.90913847
5.985	19.9190903
5.986	19.92904711
5.987	19.9390089
5.988	19.94897567
5.989	19.95894742
5.99	19.96892415
5.991	19.97890587
5.992	19.98889258
5.993	19.99888428
5.994	20.00888097
5.995	20.01888266
5.996	20.02888935
5.997	20.03890104
5.998	20.04891774
5.999	20.05893944
6	20.06896615
6.001	20.07899787
6.002	20.08903461
6.003	20.09907636
6.004	20.10912314
6.005	20.11917493
6.006	20.12923175
6.007	20.13929359
6.008	20.14936047
6.009	20.15943237
6.01	20.16950931
6.011	20.17959129
6.012	20.1896783
6.013	20.19977036
6.014	20.20986746
6.015	20.21996961
6.016	20.2300768
6.017	20.24018905
6.018	20.25030636
6.019	20.26042872
6.02	20.27055613
6.021	20.28068862
6.022	20.29082616
6.023	20.30096877
6.024	20.31111646
6.025	20.32126921
6.026	20.33142704
6.027	20.34158995
6.028	20.35175793
6.029	20.361931
6.03	20.37210915
6.031	20.38229239
6.032	20.39248072
6.033	20.40267414
6.034	20.41287266
6.035	20.42307627
6.036	20.43328499
6.037	20.4434988
6.038	20.45371772
6.039	20.46394175
6.04	20.47417089
6.041	20.48440514
6.042	20.49464451
6.043	20.504889
6.044	20.5151386
6.045	20.52539333
6.046	20.53565318
6.047	20.54591817
6.048	20.55618828
6.049	20.56646353
6.05	20.57674391
6.051	20.58702943
6.052	20.59732009
6.053	20.60761589
6.054	20.61791684
6.055	20.62822294
6.056	20.63853419
6.057	20.6488506
6.058	20.65917216
6.059	20.66949888
6.06	20.67983076
6.061	20.6901678
6.062	20.70051001
6.063	20.7108574
6.064	20.72120995
6.065	20.73156768
6.066	20.74193058
6.067	20.75229866
6.068	20.76267193
6.069	20.77305038
6.07	20.78343402
6.071	20.79382285
6.072	20.80421687
6.073	20.81461608
6.074	20.8250205
6.075	20.83543011
6.076	20.84584493
6.077	20.85626495
6.078	20.86669018
6.079	20.87712062
6.08	20.88755627
6.081	20.89799714
6.082	20.90844323
6.083	20.91889454
6.084	20.92935108
6.085	20.93981284
6.086	20.95027983
6.087	20.96075205
6.088	20.9712295
6.089	20.98171219
6.09	20.99220013
6.091	21.0026933
6.092	21.01319172
6.093	21.02369538
6.094	21.0342043
6.095	21.04471847
6.096	21.05523789
6.097	21.06576257
6.098	21.07629251
6.099	21.08682771
6.1	21.09736819
6.101	21.10791392
6.102	21.11846493
6.103	21.12902122
6.104	21.13958278
6.105	21.15014961
6.106	21.16072173
6.107	21.17129914
6.108	21.18188183
6.109	21.19246981
6.11	21.20306308
6.111	21.21366165
6.112	21.22426551
6.113	21.23487467
6.114	21.24548914
6.115	21.25610891
6.116	21.26673399
6.117	21.27736438
6.118	21.28800009
6.119	21.29864111
6.12	21.30928745
6.121	21.31993911
6.122	21.33059609
6.123	21.3412584
6.124	21.35192604
6.125	21.36259901
6.126	21.37327732
6.127	21.38396096
6.128	21.39464994
6.129	21.40534427
6.13	21.41604394
6.131	21.42674896
6.132	21.43745933
6.133	21.44817505
6.134	21.45889613
6.135	21.46962257
6.136	21.48035436
6.137	21.49109153
6.138	21.50183405
6.139	21.51258195
6.14	21.52333522
6.141	21.53409387
6.142	21.54485789
6.143	21.55562729
6.144	21.56640208
6.145	21.57718225
6.146	21.58796781
6.147	21.59875876
6.148	21.6095551
6.149	21.62035684
6.15	21.63116398
6.151	21.64197652
6.152	21.65279446
6.153	21.66361781
6.154	21.67444657
6.155	21.68528075
6.156	21.69612033
6.157	21.70696534
6.158	21.71781577
6.159	21.72867162
6.16	21.73953289
6.161	21.7503996
6.162	21.76127173
6.163	21.7721493
6.164	21.78303231
6.165	21.79392076
6.166	21.80481464
6.167	21.81571398
6.168	21.82661876
6.169	21.83752899
6.17	21.84844468
6.171	21.85936582
6.172	21.87029242
6.173	21.88122448
6.174	21.892162
6.175	21.90310499
6.176	21.91405345
6.177	21.92500739
6.178	21.93596679
6.179	21.94693168
6.18	21.95790205
6.181	21.9688779
6.182	21.97985923
6.183	21.99084606
6.184	22.00183837
6.185	22.01283618
6.186	22.02383949
6.187	22.03484829
6.188	22.0458626
6.189	22.05688242
6.19	22.06790774
6.191	22.07893857
6.192	22.08997492
6.193	22.10101678
6.194	22.11206416
6.195	22.12311706
6.196	22.13417549
6.197	22.14523944
6.198	22.15630893
6.199	22.16738394
6.2	22.1784645
6.201	22.18955059
6.202	22.20064222
6.203	22.21173939
6.204	22.22284211
6.205	22.23395039
6.206	22.24506421
6.207	22.25618359
6.208	22.26730852
6.209	22.27843902
6.21	22.28957508
6.211	22.30071671
6.212	22.3118639
6.213	22.32301667
6.214	22.33417501
6.215	22.34533892
6.216	22.35650842
6.217	22.3676835
6.218	22.37886417
6.219	22.39005042
6.22	22.40124227
6.221	22.41243971
6.222	22.42364274
6.223	22.43485138
6.224	22.44606561
6.225	22.45728546
6.226	22.46851091
6.227	22.47974197
6.228	22.49097864
6.229	22.50222093
6.23	22.51346884
6.231	22.52472237
6.232	22.53598153
6.233	22.54724631
6.234	22.55851673
6.235	22.56979278
6.236	22.58107446
6.237	22.59236178
6.238	22.60365475
6.239	22.61495335
6.24	22.62625761
6.241	22.63756751
6.242	22.64888307
6.243	22.66020429
6.244	22.67153116
6.245	22.68286369
6.246	22.69420189
6.247	22.70554576
6.248	22.71689529
6.249	22.7282505
6.25	22.73961138
6.251	22.75097795
6.252	22.76235019
6.253	22.77372812
6.254	22.78511173
6.255	22.79650103
6.256	22.80789603
6.257	22.81929672
6.258	22.83070311
6.259	22.8421152
6.26	22.853533
6.261	22.8649565
6.262	22.87638571
6.263	22.88782063
6.264	22.89926127
6.265	22.91070763
6.266	22.92215971
6.267	22.93361751
6.268	22.94508104
6.269	22.9565503
6.27	22.96802529
6.271	22.97950602
6.272	22.99099248
6.273	23.00248469
6.274	23.01398264
6.275	23.02548634
6.276	23.03699578
6.277	23.04851098
6.278	23.06003194
6.279	23.07155865
6.28	23.08309113
6.281	23.09462937
6.282	23.10617337
6.283	23.11772315
6.284	23.1292787
6.285	23.14084002
6.286	23.15240712
6.287	23.16398001
6.288	23.17555868
6.289	23.18714313
6.29	23.19873338
6.291	23.21032942
6.292	23.22193125
6.293	23.23353888
6.294	23.24515232
6.295	23.25677156
6.296	23.26839661
6.297	23.28002746
6.298	23.29166413
6.299	23.30330662
6.3	23.31495493
6.301	23.32660906
6.302	23.33826901
6.303	23.34993479
6.304	23.3616064
6.305	23.37328385
6.306	23.38496713
6.307	23.39665625
6.308	23.40835121
6.309	23.42005202
6.31	23.43175868
6.311	23.44347119
6.312	23.45518955
6.313	23.46691377
6.314	23.47864385
6.315	23.4903798
6.316	23.5021216
6.317	23.51386928
6.318	23.52562283
6.319	23.53738225
6.32	23.54914755
6.321	23.56091874
6.322	23.5726958
6.323	23.58447875
6.324	23.59626759
6.325	23.60806233
6.326	23.61986295
6.327	23.63166948
6.328	23.64348191
6.329	23.65530024
6.33	23.66712448
6.331	23.67895463
6.332	23.69079069
6.333	23.70263267
6.334	23.71448056
6.335	23.72633438
6.336	23.73819412
6.337	23.75005979
6.338	23.76193139
6.339	23.77380893
6.34	23.7856924
6.341	23.79758181
6.342	23.80947716
6.343	23.82137846
6.344	23.83328571
6.345	23.84519891
6.346	23.85711806
6.347	23.86904317
6.348	23.88097424
6.349	23.89291127
6.35	23.90485427
6.351	23.91680324
6.352	23.92875818
6.353	23.9407191
6.354	23.952686
6.355	23.96465887
6.356	23.97663773
6.357	23.98862258
6.358	24.00061342
6.359	24.01261025
6.36	24.02461308
6.361	24.03662191
6.362	24.04863674
6.363	24.06065757
6.364	24.07268441
6.365	24.08471727
6.366	24.09675614
6.367	24.10880102
6.368	24.12085193
6.369	24.13290885
6.37	24.14497181
6.371	24.15704079
6.372	24.16911581
6.373	24.18119686
6.374	24.19328395
6.375	24.20537708
6.376	24.21747626
6.377	24.22958148
6.378	24.24169275
6.379	24.25381008
6.38	24.26593346
6.381	24.27806291
6.382	24.29019841
6.383	24.30233998
6.384	24.31448762
6.385	24.32664133
6.386	24.33880112
6.387	24.35096698
6.388	24.36313893
6.389	24.37531695
6.39	24.38750107
6.391	24.39969127
6.392	24.41188757
6.393	24.42408996
6.394	24.43629845
6.395	24.44851305
6.396	24.46073375
6.397	24.47296055
6.398	24.48519347
6.399	24.4974325
6.4	24.50967765
6.401	24.52192892
6.402	24.53418631
6.403	24.54644983
6.404	24.55871948
6.405	24.57099526
6.406	24.58327718
6.407	24.59556524
6.408	24.60785944
6.409	24.62015978
6.41	24.63246627
6.411	24.64477891
6.412	24.65709771
6.413	24.66942266
6.414	24.68175377
6.415	24.69409105
6.416	24.70643449
6.417	24.7187841
6.418	24.73113989
6.419	24.74350185
6.42	24.75586998
6.421	24.7682443
6.422	24.78062481
6.423	24.7930115
6.424	24.80540439
6.425	24.81780347
6.426	24.83020874
6.427	24.84262022
6.428	24.8550379
6.429	24.86746178
6.43	24.87989188
6.431	24.89232819
6.432	24.90477071
6.433	24.91721946
6.434	24.92967442
6.435	24.94213561
6.436	24.95460303
6.437	24.96707668
6.438	24.97955656
6.439	24.99204269
6.44	25.00453505
6.441	25.01703366
6.442	25.02953851
6.443	25.04204962
6.444	25.05456697
6.445	25.06709059
6.446	25.07962046
6.447	25.0921566
6.448	25.104699
6.449	25.11724767
6.45	25.12980261
6.451	25.14236383
6.452	25.15493132
6.453	25.1675051
6.454	25.18008516
6.455	25.19267151
6.456	25.20526415
6.457	25.21786309
6.458	25.23046832
6.459	25.24307985
6.46	25.25569768
6.461	25.26832183
6.462	25.28095228
6.463	25.29358904
6.464	25.30623212
6.465	25.31888152
6.466	25.33153724
6.467	25.34419929
6.468	25.35686767
6.469	25.36954238
6.47	25.38222342
6.471	25.3949108
6.472	25.40760452
6.473	25.42030459
6.474	25.433011
6.475	25.44572377
6.476	25.45844289
6.477	25.47116836
6.478	25.4839002
6.479	25.4966384
6.48	25.50938297
6.481	25.52213391
6.482	25.53489122
6.483	25.5476549
6.484	25.56042497
6.485	25.57320142
6.486	25.58598425
6.487	25.59877348
6.488	25.61156909
6.489	25.62437111
6.49	25.63717952
6.491	25.64999433
6.492	25.66281554
6.493	25.67564317
6.494	25.68847721
6.495	25.70131766
6.496	25.71416453
6.497	25.72701782
6.498	25.73987753
6.499	25.75274367
6.5	25.76561624
6.501	25.77849525
6.502	25.79138069
6.503	25.80427258
6.504	25.8171709
6.505	25.83007568
6.506	25.8429869
6.507	25.85590458
6.508	25.86882871
6.509	25.88175931
6.51	25.89469636
6.511	25.90763989
6.512	25.92058988
6.513	25.93354634
6.514	25.94650928
6.515	25.9594787
6.516	25.9724546
6.517	25.98543699
6.518	25.99842586
6.519	26.01142123
6.52	26.0244231
6.521	26.03743146
6.522	26.05044632
6.523	26.06346769
6.524	26.07649557
6.525	26.08952995
6.526	26.10257086
6.527	26.11561828
6.528	26.12867222
6.529	26.14173269
6.53	26.15479968
6.531	26.16787321
6.532	26.18095327
6.533	26.19403986
6.534	26.207133
6.535	26.22023268
6.536	26.23333891
6.537	26.24645169
6.538	26.25957103
6.539	26.27269692
6.54	26.28582937
6.541	26.29896839
6.542	26.31211397
6.543	26.32526613
6.544	26.33842485
6.545	26.35159016
6.546	26.36476204
6.547	26.37794051
6.548	26.39112556
6.549	26.40431721
6.55	26.41751544
6.551	26.43072028
6.552	26.44393171
6.553	26.45714975
6.554	26.4703744
6.555	26.48360565
6.556	26.49684352
6.557	26.510088
6.558	26.5233391
6.559	26.53659683
6.56	26.54986118
6.561	26.56313217
6.562	26.57640978
6.563	26.58969403
6.564	26.60298492
6.565	26.61628246
6.566	26.62958664
6.567	26.64289747
6.568	26.65621495
6.569	26.66953909
6.57	26.68286989
6.571	26.69620735
6.572	26.70955148
6.573	26.72290228
6.574	26.73625975
6.575	26.7496239
6.576	26.76299473
6.577	26.77637223
6.578	26.78975643
6.579	26.80314732
6.58	26.81654489
6.581	26.82994917
6.582	26.84336014
6.583	26.85677782
6.584	26.8702022
6.585	26.8836333
6.586	26.8970711
6.587	26.91051563
6.588	26.92396687
6.589	26.93742483
6.59	26.95088953
6.591	26.96436095
6.592	26.9778391
6.593	26.99132399
6.594	27.00481563
6.595	27.018314
6.596	27.03181912
6.597	27.04533099
6.598	27.05884962
6.599	27.072375
6.6	27.08590714
6.601	27.09944605
6.602	27.11299172
6.603	27.12654416
6.604	27.14010338
6.605	27.15366937
6.606	27.16724214
6.607	27.1808217
6.608	27.19440805
6.609	27.20800118
6.61	27.22160111
6.611	27.23520784
6.612	27.24882137
6.613	27.2624417
6.614	27.27606884
6.615	27.28970279
6.616	27.30334355
6.617	27.31699114
6.618	27.33064554
6.619	27.34430677
6.62	27.35797483
6.621	27.37164971
6.622	27.38533144
6.623	27.39902
6.624	27.4127154
6.625	27.42641765
6.626	27.44012675
6.627	27.45384269
6.628	27.4675655
6.629	27.48129516
6.63	27.49503169
6.631	27.50877508
6.632	27.52252534
6.633	27.53628247
6.634	27.55004648
6.635	27.56381737
6.636	27.57759514
6.637	27.59137979
6.638	27.60517134
6.639	27.61896978
6.64	27.63277512
6.641	27.64658735
6.642	27.66040649
6.643	27.67423254
6.644	27.6880655
6.645	27.70190537
6.646	27.71575216
6.647	27.72960587
6.648	27.7434665
6.649	27.75733406
6.65	27.77120856
6.651	27.78508998
6.652	27.79897835
6.653	27.81287366
6.654	27.82677591
6.655	27.84068511
6.656	27.85460126
6.657	27.86852437
6.658	27.88245444
6.659	27.89639147
6.66	27.91033546
6.661	27.92428643
6.662	27.93824436
6.663	27.95220928
6.664	27.96618117
6.665	27.98016005
6.666	27.99414591
6.667	28.00813877
6.668	28.02213862
6.669	28.03614546
6.67	28.05015931
6.671	28.06418016
6.672	28.07820802
6.673	28.09224288
6.674	28.10628477
6.675	28.12033367
6.676	28.1343896
6.677	28.14845254
6.678	28.16252252
6.679	28.17659953
6.68	28.19068358
6.681	28.20477467
6.682	28.2188728
6.683	28.23297797
6.684	28.2470902
6.685	28.26120947
6.686	28.27533581
6.687	28.28946921
6.688	28.30360967
6.689	28.31775719
6.69	28.33191179
6.691	28.34607347
6.692	28.36024222
6.693	28.37441805
6.694	28.38860097
6.695	28.40279098
6.696	28.41698808
6.697	28.43119227
6.698	28.44540357
6.699	28.45962197
6.7	28.47384747
6.701	28.48808009
6.702	28.50231981
6.703	28.51656666
6.704	28.53082062
6.705	28.54508172
6.706	28.55934993
6.707	28.57362528
6.708	28.58790777
6.709	28.60219739
6.71	28.61649416
6.711	28.63079807
6.712	28.64510913
6.713	28.65942734
6.714	28.67375271
6.715	28.68808524
6.716	28.70242493
6.717	28.71677179
6.718	28.73112582
6.719	28.74548703
6.72	28.75985541
6.721	28.77423098
6.722	28.78861373
6.723	28.80300366
6.724	28.81740079
6.725	28.83180512
6.726	28.84621665
6.727	28.86063538
6.728	28.87506131
6.729	28.88949446
6.73	28.90393482
6.731	28.91838239
6.732	28.93283719
6.733	28.94729921
6.734	28.96176846
6.735	28.97624495
6.736	28.99072867
6.737	29.00521962
6.738	29.01971782
6.739	29.03422327
6.74	29.04873597
6.741	29.06325592
6.742	29.07778312
6.743	29.09231759
6.744	29.10685933
6.745	29.12140833
6.746	29.1359646
6.747	29.15052815
6.748	29.16509897
6.749	29.17967708
6.75	29.19426248
6.751	29.20885517
6.752	29.22345515
6.753	29.23806242
6.754	29.252677
6.755	29.26729888
6.756	29.28192807
6.757	29.29656457
6.758	29.31120839
6.759	29.32585953
6.76	29.34051799
6.761	29.35518377
6.762	29.36985689
6.763	29.38453734
6.764	29.39922513
6.765	29.41392026
6.766	29.42862273
6.767	29.44333255
6.768	29.45804972
6.769	29.47277425
6.77	29.48750614
6.771	29.5022454
6.772	29.51699201
6.773	29.531746
6.774	29.54650737
6.775	29.56127611
6.776	29.57605223
6.777	29.59083574
6.778	29.60562664
6.779	29.62042493
6.78	29.63523062
6.781	29.6500437
6.782	29.66486419
6.783	29.67969209
6.784	29.6945274
6.785	29.70937012
6.786	29.72422026
6.787	29.73907783
6.788	29.75394282
6.789	29.76881524
6.79	29.78369509
6.791	29.79858238
6.792	29.81347711
6.793	29.82837929
6.794	29.84328891
6.795	29.85820599
6.796	29.87313052
6.797	29.88806251
6.798	29.90300197
6.799	29.91794889
6.8	29.93290328
6.801	29.94786515
6.802	29.96283449
6.803	29.97781132
6.804	29.99279563
6.805	30.00778743
6.806	30.02278672
6.807	30.03779352
6.808	30.05280781
6.809	30.0678296
6.81	30.08285891
6.811	30.09789572
6.812	30.11294005
6.813	30.1279919
6.814	30.14305128
6.815	30.15811818
6.816	30.17319261
6.817	30.18827457
6.818	30.20336408
6.819	30.21846112
6.82	30.23356571
6.821	30.24867785
6.822	30.26379755
6.823	30.2789248
6.824	30.29405961
6.825	30.30920198
6.826	30.32435193
6.827	30.33950944
6.828	30.35467454
6.829	30.36984721
6.83	30.38502746
6.831	30.40021531
6.832	30.41541074
6.833	30.43061377
6.834	30.44582439
6.835	30.46104262
6.836	30.47626846
6.837	30.4915019
6.838	30.50674296
6.839	30.52199164
6.84	30.53724794
6.841	30.55251186
6.842	30.56778342
6.843	30.5830626
6.844	30.59834942
6.845	30.61364389
6.846	30.62894599
6.847	30.64425575
6.848	30.65957316
6.849	30.67489822
6.85	30.69023094
6.851	30.70557133
6.852	30.72091938
6.853	30.73627511
6.854	30.7516385
6.855	30.76700958
6.856	30.78238834
6.857	30.79777479
6.858	30.81316893
6.859	30.82857076
6.86	30.84398029
6.861	30.85939752
6.862	30.87482246
6.863	30.8902551
6.864	30.90569546
6.865	30.92114354
6.866	30.93659934
6.867	30.95206286
6.868	30.96753411
6.869	30.9830131
6.87	30.99849982
6.871	31.01399428
6.872	31.02949649
6.873	31.04500644
6.874	31.06052415
6.875	31.07604961
6.876	31.09158283
6.877	31.10712382
6.878	31.12267257
6.879	31.13822909
6.88	31.15379339
6.881	31.16936547
6.882	31.18494534
6.883	31.20053298
6.884	31.21612842
6.885	31.23173166
6.886	31.24734269
6.887	31.26296153
6.888	31.27858817
6.889	31.29422262
6.89	31.30986489
6.891	31.32551497
6.892	31.34117288
6.893	31.35683861
6.894	31.37251217
6.895	31.38819357
6.896	31.40388281
6.897	31.41957988
6.898	31.4352848
6.899	31.45099757
6.9	31.4667182
6.901	31.48244668
6.902	31.49818302
6.903	31.51392723
6.904	31.52967931
6.905	31.54543926
6.906	31.56120708
6.907	31.57698279
6.908	31.59276638
6.909	31.60855786
6.91	31.62435724
6.911	31.64016451
6.912	31.65597968
6.913	31.67180276
6.914	31.68763374
6.915	31.70347264
6.916	31.71931945
6.917	31.73517418
6.918	31.75103684
6.919	31.76690743
6.92	31.78278595
6.921	31.7986724
6.922	31.8145668
6.923	31.83046914
6.924	31.84637942
6.925	31.86229766
6.926	31.87822386
6.927	31.89415801
6.928	31.91010013
6.929	31.92605022
6.93	31.94200828
6.931	31.95797432
6.932	31.97394833
6.933	31.98993033
6.934	32.00592032
6.935	32.0219183
6.936	32.03792427
6.937	32.05393825
6.938	32.06996023
6.939	32.08599021
6.94	32.10202821
6.941	32.11807423
6.942	32.13412826
6.943	32.15019032
6.944	32.16626041
6.945	32.18233853
6.946	32.19842468
6.947	32.21451887
6.948	32.23062111
6.949	32.2467314
6.95	32.26284974
6.951	32.27897613
6.952	32.29511059
6.953	32.31125311
6.954	32.32740369
6.955	32.34356235
6.956	32.35972909
6.957	32.3759039
6.958	32.3920868
6.959	32.40827779
6.96	32.42447687
6.961	32.44068405
6.962	32.45689933
6.963	32.47312271
6.964	32.4893542
6.965	32.5055938
6.966	32.52184152
6.967	32.53809737
6.968	32.55436133
6.969	32.57063343
6.97	32.58691365
6.971	32.60320202
6.972	32.61949852
6.973	32.63580317
6.974	32.65211597
6.975	32.66843693
6.976	32.68476604
6.977	32.70110331
6.978	32.71744875
6.979	32.73380235
6.98	32.75016413
6.981	32.76653409
6.982	32.78291223
6.983	32.79929856
6.984	32.81569307
6.985	32.83209578
6.986	32.84850669
6.987	32.8649258
6.988	32.88135312
6.989	32.89778865
6.99	32.91423239
6.991	32.93068435
6.992	32.94714453
6.993	32.96361294
6.994	32.98008959
6.995	32.99657446
6.996	33.01306758
6.997	33.02956894
6.998	33.04607855
6.999	33.0625964
7	33.07912252