2.01	2.731871391
2.02	2.745530569
2.03	2.759257873
2.04	2.773053643
2.05	2.786918219
2.06	2.800851946
2.07	2.814855167
2.08	2.82892823
2.09	2.843071483
2.1	2.857285276
2.11	2.87156996
2.12	2.88592589
2.13	2.90035342
2.14	2.914852908
2.15	2.929424712
2.16	2.944069193
2.17	2.958786713
2.18	2.973577638
2.19	2.988442331
2.2	3.003381163
2.21	3.018394502
2.22	3.033482719
2.23	3.048646189
2.24	3.063885286
2.25	3.079200388
2.26	3.094591873
2.27	3.110060122
2.28	3.125605519
2.29	3.141228447
2.3	3.156929294
2.31	3.172708447
2.32	3.188566298
2.33	3.204503239
2.34	3.220519663
2.35	3.236615968
2.36	3.252792552
2.37	3.269049814
2.38	3.285388158
2.39	3.301807987
2.4	3.318309708
2.41	3.334893728
2.42	3.351560459
2.43	3.368310312
2.44	3.385143703
2.45	3.402061047
2.46	3.419062762
2.47	3.436149271
2.48	3.453320995
2.49	3.470578359
2.5	3.487921791
2.51	3.505351718
2.52	3.522868573
2.53	3.540472789
2.54	3.558164802
2.55	3.575945048
2.56	3.593813968
2.57	3.611772004
2.58	3.6298196
2.59	3.647957203
2.6	3.666185261
2.61	3.684504226
2.62	3.70291455
2.63	3.721416688
2.64	3.740011099
2.65	3.758698243
2.66	3.777478581
2.67	3.796352579
2.68	3.815320703
2.69	3.834383422
2.7	3.853541208
2.71	3.872794535
2.72	3.892143879
2.73	3.911589719
2.74	3.931132535
2.75	3.950772811
2.76	3.970511033
2.77	3.990347689
2.78	4.01028327
2.79	4.030318268
2.8	4.05045318
2.81	4.070688503
2.82	4.091024738
2.83	4.111462387
2.84	4.132001957
2.85	4.152643955
2.86	4.173388892
2.87	4.194237281
2.88	4.215189637
2.89	4.236246479
2.9	4.257408328
2.91	4.278675706
2.92	4.30004914
2.93	4.321529159
2.94	4.343116293
2.95	4.364811077
2.96	4.386614046
2.97	4.408525741
2.98	4.430546703
2.99	4.452677477
3	4.47491861
3.01	4.497270652
3.02	4.519734156
3.03	4.542309677
3.04	4.564997773
3.05	4.587799007
3.06	4.61071394
3.07	4.633743141
3.08	4.656887179
3.09	4.680146625
3.1	4.703522056
3.11	4.727014049
3.12	4.750623185
3.13	4.774350047
3.14	4.798195224
3.15	4.822159303
3.16	4.846242879
3.17	4.870446545
3.18	4.894770901
3.19	4.919216549
3.2	4.943784092
3.21	4.968474139
3.22	4.993287299
3.23	5.018224186
3.24	5.043285417
3.25	5.068471612
3.26	5.093783392
3.27	5.119221385
3.28	5.144786218
3.29	5.170478525
3.3	5.19629894
3.31	5.222248101
3.32	5.248326651
3.33	5.274535234
3.34	5.300874498
3.35	5.327345094
3.36	5.353947677
3.37	5.380682904
3.38	5.407551437
3.39	5.434553939
3.4	5.461691079
3.41	5.488963527
3.42	5.516371957
3.43	5.543917047
3.44	5.571599479
3.45	5.599419935
3.46	5.627379105
3.47	5.655477679
3.48	5.683716353
3.49	5.712095823
3.5	5.740616792
3.51	5.769279965
3.52	5.79808605
3.53	5.82703576
3.54	5.85612981
3.55	5.885368919
3.56	5.914753811
3.57	5.944285211
3.58	5.97396385
3.59	6.00379046
3.6	6.033765781
3.61	6.063890552
3.62	6.094165518
3.63	6.124591428
3.64	6.155169034
3.65	6.185899091
3.66	6.216782359
3.67	6.247819602
3.68	6.279011587
3.69	6.310359084
3.7	6.34186287
3.71	6.373523721
3.72	6.405342421
3.73	6.437319757
3.74	6.469456519
3.75	6.501753501
3.76	6.534211501
3.77	6.566831322
3.78	6.59961377
3.79	6.632559655
3.8	6.665669792
3.81	6.698944999
3.82	6.732386098
3.83	6.765993916
3.84	6.799769283
3.85	6.833713036
3.86	6.867826011
3.87	6.902109053
3.88	6.936563008
3.89	6.971188729
3.9	7.005987071
3.91	7.040958894
3.92	7.076105062
3.93	7.111426445
3.94	7.146923914
3.95	7.182598348
3.96	7.218450628
3.97	7.25448164
3.98	7.290692274
3.99	7.327083426
4	7.363655994
4.01	7.400410883
4.02	7.437349001
4.03	7.474471261
4.04	7.511778579
4.05	7.549271879
4.06	7.586952087
4.07	7.624820134
4.08	7.662876955
4.09	7.701123491
4.1	7.739560688
4.11	7.778189494
4.12	7.817010866
4.13	7.856025761
4.14	7.895235145
4.15	7.934639986
4.16	7.974241257
4.17	8.014039938
4.18	8.054037012
4.19	8.094233467
4.2	8.134630297
4.21	8.175228499
4.22	8.216029078
4.23	8.25703304
4.24	8.2982414
4.25	8.339655175
4.26	8.381275389
4.27	8.42310307
4.28	8.465139253
4.29	8.507384975
4.3	8.54984128
4.31	8.592509217
4.32	8.635389841
4.33	8.678484212
4.34	8.721793393
4.35	8.765318456
4.36	8.809060475
4.37	8.853020531
4.38	8.897199711
4.39	8.941599106
4.4	8.986219813
4.41	9.031062934
4.42	9.076129578
4.43	9.121420858
4.44	9.166937892
4.45	9.212681806
4.46	9.25865373
4.47	9.3048548
4.48	9.351286156
4.49	9.397948946
4.5	9.444844324
4.51	9.491973447
4.52	9.539337479
4.53	9.586937592
4.54	9.634774961
4.55	9.682850768
4.56	9.731166201
4.57	9.779722453
4.58	9.828520723
4.59	9.877562218
4.6	9.92684815
4.61	9.976379734
4.62	10.0261582
4.63	10.07618476
4.64	10.12646068
4.65	10.17698717
4.66	10.2277655
4.67	10.27879692
4.68	10.33008268
4.69	10.38162406
4.7	10.43342233
4.71	10.48547877
4.72	10.53779466
4.73	10.59037129
4.74	10.64320998
4.75	10.69631201
4.76	10.7496787
4.77	10.80331137
4.78	10.85721135
4.79	10.91137997
4.8	10.96581856
4.81	11.02052846
4.82	11.07551104
4.83	11.13076765
4.84	11.18629965
4.85	11.24210842
4.86	11.29819533
4.87	11.35456177
4.88	11.41120914
4.89	11.46813882
4.9	11.52535223
4.91	11.58285078
4.92	11.64063589
4.93	11.69870899
4.94	11.75707152
4.95	11.8157249
4.96	11.8746706
4.97	11.93391006
4.98	11.99344476
4.99	12.05327616
5	12.11340574
5.01	12.17383499
5.02	12.23456539
5.03	12.29559845
5.04	12.35693567
5.05	12.41857858
5.06	12.48052869
5.07	12.54278753
5.08	12.60535663
5.09	12.66823756
5.1	12.73143185
5.11	12.79494107
5.12	12.85876679
5.13	12.92291059
5.14	12.98737404
5.15	13.05215874
5.16	13.11726629
5.17	13.1826983
5.18	13.24845639
5.19	13.31454217
5.2	13.38095728
5.21	13.44770337
5.22	13.51478207
5.23	13.58219505
5.24	13.64994396
5.25	13.71803049
5.26	13.78645632
5.27	13.85522313
5.28	13.92433262
5.29	13.9937865
5.3	14.06358649
5.31	14.1337343
5.32	14.20423168
5.33	14.27508035
5.34	14.34628208
5.35	14.41783862
5.36	14.48975173
5.37	14.5620232
5.38	14.6346548
5.39	14.70764833
5.4	14.7810056
5.41	14.85472841
5.42	14.92881858
5.43	15.00327795
5.44	15.07810835
5.45	15.15331163
5.46	15.22888966
5.47	15.30484428
5.48	15.38117738
5.49	15.45789085
5.5	15.53498658
5.51	15.61246647
5.52	15.69033243
5.53	15.76858639
5.54	15.84723029
5.55	15.92626605
5.56	16.00569564
5.57	16.08552102
5.58	16.16574415
5.59	16.24636701
5.6	16.32739161
5.61	16.40881993
5.62	16.49065399
5.63	16.57289581
5.64	16.65554742
5.65	16.73861086
5.66	16.82208818
5.67	16.90598144
5.68	16.99029272
5.69	17.07502409
5.7	17.16017765
5.71	17.2457555
5.72	17.33175975
5.73	17.41819253
5.74	17.50505597
5.75	17.59235221
5.76	17.68008341
5.77	17.76825174
5.78	17.85685937
5.79	17.9459085
5.8	18.03540131
5.81	18.12534001
5.82	18.21572684
5.83	18.30656402
5.84	18.39785379
5.85	18.4895984
5.86	18.58180013
5.87	18.67446124
5.88	18.76758403
5.89	18.8611708
5.9	18.95522385
5.91	19.0497455
5.92	19.1447381
5.93	19.24020398
5.94	19.3361455
5.95	19.43256503
5.96	19.52946495
5.97	19.62684766
5.98	19.72471555
5.99	19.82307105
6	19.92191657
6.01	20.02125457
6.02	20.12108749
6.03	20.22141779
6.04	20.32224796
6.05	20.42358049
6.06	20.52541787
6.07	20.62776261
6.08	20.73061725
6.09	20.83398433
6.1	20.93786639
6.11	21.042266
6.12	21.14718574
6.13	21.25262819
6.14	21.35859597
6.15	21.46509167
6.16	21.57211795
6.17	21.67967742
6.18	21.78777276
6.19	21.89640663
6.2	22.00558171
6.21	22.11530069
6.22	22.22556629
6.23	22.33638122
6.24	22.44774822
6.25	22.55967005
6.26	22.67214945
6.27	22.78518921
6.28	22.89879212
6.29	23.01296098
6.3	23.12769861
6.31	23.24300785
6.32	23.35889153
6.33	23.47535252
6.34	23.5923937
6.35	23.71001794
6.36	23.82822816
6.37	23.94702728
6.38	24.06641822
6.39	24.18640393
6.4	24.30698737
6.41	24.42817152
6.42	24.54995937
6.43	24.67235393
6.44	24.79535821
6.45	24.91897525
6.46	25.04320811
6.47	25.16805985
6.48	25.29353355
6.49	25.4196323
6.5	25.54635923
6.51	25.67371745
6.52	25.80171012
6.53	25.93034038
6.54	26.05961141
6.55	26.18952641
6.56	26.32008858
6.57	26.45130114
6.58	26.58316733
6.59	26.71569041
6.6	26.84887364
6.61	26.98272032
6.62	27.11723374
6.63	27.25241722
6.64	27.38827411
6.65	27.52480774
6.66	27.66202151
6.67	27.79991878
6.68	27.93850296
6.69	28.07777747
6.7	28.21774576
6.71	28.35841127
6.72	28.49977747
6.73	28.64184785
6.74	28.78462593
6.75	28.92811521
6.76	29.07231925
6.77	29.2172416
6.78	29.36288584
6.79	29.50925556
6.8	29.65635437
6.81	29.80418591
6.82	29.95275382
6.83	30.10206176
6.84	30.25211343
6.85	30.40291252
6.86	30.55446276
6.87	30.70676788
6.88	30.85983165
6.89	31.01365783
6.9	31.16825024
6.91	31.32361267
6.92	31.47974896
6.93	31.63666298
6.94	31.79435858
6.95	31.95283966
6.96	32.11211013
6.97	32.27217393
6.98	32.43303499
6.99	32.59469729
7	32.75716482